350
ID_ESTADO|ID_DISTRITO_FEDERAL|SECCION|TIPO_CASILLA|ID_CASILLA|EXT_CONTIGUA|TIPO_SECCION|LISTA_NOMINAL|ID_MUNICIPIO|ID_DIST_LOC|ID_ESTRATO|ESTRATO|NUMERO_ARE|PAN|PRI|PRD|PVEM|PT|MC|MORENA|FXM|PAN_PRI_PRD|PAN_PRI|PAN_PRD|PRI_PRD|PVEM_PT_MORENA_FXM|PVEM_PT_MORENA|PVEM_PT_FXM|PVEM_MORENA_FXM|PT_MORENA_FXM|PVEM_PT|PVEM_MORENA|PVEM_FXM|PT_MORENA|PT_FXM|MORENA_FXM|CNR|NULOS|TOTAL|JFYZ|NRNG|HDEB|ANIO|MES|DIA|HORA|MINUTOS|SEGUNDOS|ORIGEN_CAPTURA|MODIFICADO
30|1|699|B|1|0|R|598|37|2|272|E3001|85|0|0|0|0|0|0|0|0|0|0|0|0|0|0|0|0|0|0|0|0|0|0|0|0|0|0|0|0|0||||||||
30|1|1321|C|1|0|U|528|57|2|272|E3001|109|0|0|0|0|0|0|0|0|0|0|0|0|0|0|0|0|0|0|0|0|0|0|0|0|0|0|0|0|0|2024|4|25|16|58|35|2|N
30|1|1725|B|1|0|R|610|80|2|272|E3001|126|0|0|0|0|0|0|0|0|0|0|0|0|0|0|0|0|0|0|0|0|0|0|0|0|0|0|0|0|0|2024|4|25|16|54|38|4|N
30|1|2781|E|1|0|R|259|122|1|272|E3001|70|0|0|0|0|0|0|0|0|0|0|0|0|0|0|0|0|0|0|0|0|0|0|0|0|0|0|0|0|0|2024|4|25|16|21|4|4|N
30|1|2795|E|1|0|R|199|122|1|272|E3001|71|0|0|0|0|0|0|0|0|0|0|0|0|0|0|0|0|0|0|0|0|0|0|0|0|0|0|0|0|0|2024|4|25|15|54|56|4|N
30|1|2814|B|1|0|U|738|124|1|272|E3001|27|24|43|36|10|12|95|6|6|18|25|21|1|10|8|6|12|4|4|12|12|9|5|0|5|0|384|168|116|95|2024|4|25|15|46|21|4|N
30|1|2819|C|2|0|U|673|124|1|272|E3001|3|26|51|30|4|5|72|4|2|18|28|24|1|5|18|3|5|7|4|5|16|10|6|0|5|1|350|178|94|72|2024|4|25|15|42|0|4|N
30|1|2824|C|1|0|U|634|124|1|272|E3001|8|22|39|31|5|6|77|9|5|12|30|24|0|6|5|5|3|8|7|10|7|5|6|0|1|0|323|158|87|77|2024|4|25|15|30|5|4|N
30|1|2865|C|1|0|U|441|124|1|272|E3001|23|0|0|0|0|0|0|0|0|0|0|0|0|0|0|0|0|0|0|0|0|0|0|0|0|0|0|0|0|0|2024|4|25|16|6|30|4|N
30|1|3071|C|2|0|U|513|130|2|272|E3001|116|0|0|0|0|0|0|0|0|0|0|0|0|0|0|0|0|0|0|0|0|0|0|0|0|0|0|0|0|0|2024|4|25|16|17|46|4|N
30|1|3222|B|1|0|U|599|133|1|272|E3001|53|16|25|27|6|10|61|10|4|21|18|25|1|8|6|2|8|8|9|2|11|9|10|0|7|2|306|133|103|61|2024|4|25|15|44|12|4|N
30|1|3241|B|1|0|U|618|133|1|272|E3001|40|21|24|26|3|7|69|4|11|15|16|17|0|7|6|4|6|3|6|7|9|10|6|0|5|0|282|119|89|69|2024|4|25|15|42|49|4|N
30|1|3550|B|1|0|R|445|151|1|272|E3001|73|12|23|24|4|4|60|0|3|10|18|13|4|6|2|6|2|4|7|2|8|9|5|0|0|0|226|104|62|60|2024|4|25|15|48|52|4|N
30|1|3583|B|1|0|R|212|153|1|272|E3001|38|0|0|0|0|0|0|0|0|0|0|0|0|0|0|0|0|0|0|0|0|0|0|0|0|0|0|0|0|0|2024|4|25|18|3|55|1|N
30|1|3586|B|1|0|R|417|153|1|272|E3001|60|0|0|0|0|0|0|0|0|0|0|0|0|0|0|0|0|0|0|0|0|0|0|0|0|0|0|0|0|0||||||||
30|1|3613|C|1|0|U|622|156|2|272|E3001|130|0|0|0|0|0|0|0|0|0|0|0|0|0|0|0|0|0|0|0|0|0|0|0|0|0|0|0|0|0|2024|4|25|16|38|28|4|N
30|1|3624|C|1|0|U|678|156|2|272|E3001|140|0|0|0|0|0|0|0|0|0|0|0|0|0|0|0|0|0|0|0|0|0|0|0|0|0|0|0|0|0|2024|4|25|16|44|54|4|N
30|1|3639|C|1|0|R|683|156|2|272|E3001|143|0|0|0|0|0|0|0|0|0|0|0|0|0|0|0|0|0|0|0|0|0|0|0|0|0|0|0|0|0|2024|4|25|17|1|51|4|N
30|1|3654|C|2|0|R|608|156|2|272|E3001|151|0|0|0|0|0|0|0|0|0|0|0|0|0|0|0|0|0|0|0|0|0|0|0|0|0|0|0|0|0|2024|4|25|17|18|53|1|N
30|1|4707|C|1|0|R|451|207|1|272|E3001|101|0|0|0|0|0|0|0|0|0|0|0|0|0|0|0|0|0|0|0|0|0|0|0|0|0|0|0|0|0|2024|4|25|17|31|58|4|N
30|2|122|B|1|0|R|408|8|4|273|E3002|63|11|26|10|3|4|65|3|4|12|3|11|1|8|3|2|5|10|2|8|4|2|4|0|1|0|202|74|62|65|2024|4|25|15|33|19|4|N
30|2|136|C|2|0|R|524|8|4|273|E3002|26|0|0|0|0|0|0|0|0|0|0|0|0|0|0|0|0|0|0|0|0|0|0|0|0|0|0|0|0|0|2024|4|25|17|55|31|1|N
30|2|138|B|1|0|R|540|8|4|273|E3002|29|0|0|0|0|0|0|0|0|0|0|0|0|0|0|0|0|0|0|0|0|0|0|0|0|0|0|0|0|0|2024|4|25|18|0|25|1|N
30|2|141|C|1|0|R|553|8|4|273|E3002|39|0|0|0|0|0|0|0|0|0|0|0|0|0|0|0|0|0|0|0|0|0|0|0|0|0|0|0|0|0|2024|4|25|18|19|44|1|N
30|2|148|C|1|0|R|432|8|4|273|E3002|48|0|0|0|0|0|0|0|0|0|0|0|0|0|0|0|0|0|0|0|0|0|0|0|0|0|0|0|0|0|2024|4|25|18|10|45|1|N
30|2|329|S|1|0|U|0|15|1|273|E3002|132|0|0|0|0|0|0|0|0|0|0|0|0|0|0|0|0|0|0|0|0|0|0|0|0|0|0|0|0|0|2024|4|25|17|4|25|1|N
30|2|487|E|1|0|R|530|28|4|273|E3002|2|21|17|13|5|9|95|2|7|11|10|8|3|6|4|2|7|11|5|11|7|5|7|0|0|0|266|83|88|95|2024|4|25|15|33|55|4|N
30|2|490|B|1|0|R|413|28|4|273|E3002|4|22|22|7|8|1|78|2|2|9|5|10|0|2|17|1|9|4|6|6|3|5|5|0|1|0|225|75|71|78|2024|4|25|15|30|54|4|N
30|2|629|C|1|0|R|650|33|4|273|E3002|56|0|0|0|0|0|0|0|0|0|0|0|0|0|0|0|0|0|0|0|0|0|0|0|0|0|0|0|0|0|2024|4|25|16|12|25|1|N
30|2|1344|B|1|0|M|564|60|2|273|E3002|109|0|0|0|0|0|0|0|0|0|0|0|0|0|0|0|0|0|0|0|0|0|0|0|0|0|0|0|0|0|2024|4|25|16|16|31|1|N
30|2|1353|B|1|0|R|497|60|2|273|E3002|124|16|11|11|9|9|94|3|8|15|1|11|0|7|7|2|4|8|10|12|3|5|11|1|0|0|258|65|99|94|2024|4|25|13|16|54|4|N
30|2|1376|B|1|0|R|466|60|2|273|E3002|125|0|0|0|0|0|0|0|0|0|0|0|0|0|0|0|0|0|0|0|0|0|0|0|0|0|0|0|0|0|2024|4|25|16|56|39|1|N
30|2|1407|B|1|0|R|240|62|1|273|E3002|136|0|0|0|0|0|0|0|0|0|0|0|0|0|0|0|0|0|0|0|0|0|0|0|0|0|0|0|0|0|2024|4|25|17|55|36|2|N
30|2|1625|E|1|0|M|430|74|4|273|E3002|6|0|0|0|0|0|0|0|0|0|0|0|0|0|0|0|0|0|0|0|0|0|0|0|0|0|0|0|0|0|2024|4|25|16|48|54|1|N
30|2|1753|C|1|0|R|582|82|4|273|E3002|103|0|0|0|0|0|0|0|0|0|0|0|0|0|0|0|0|0|0|0|0|0|0|0|0|0|0|0|0|0|2024|4|25|16|39|44|1|N
30|2|1761|B|1|0|R|467|82|4|273|E3002|103|0|0|0|0|0|0|0|0|0|0|0|0|0|0|0|0|0|0|0|0|0|0|0|0|0|0|0|0|0|2024|4|25|16|44|34|1|N
30|2|3765|C|1|0|R|709|166|2|273|E3002|145|0|0|0|0|0|0|0|0|0|0|0|0|0|0|0|0|0|0|0|0|0|0|0|0|0|0|0|0|0|2024|4|25|17|23|9|1|N
30|2|4555|E|1|0|R|168|198|4|273|E3002|76|0|0|0|0|0|0|0|0|0|0|0|0|0|0|0|0|0|0|0|0|0|0|0|0|0|0|0|0|0||||||||
30|3|46|C|1|0|R|551|3|27|274|E3003|55|0|0|0|0|0|0|0|0|0|0|0|0|0|0|0|0|0|0|0|0|0|0|0|0|0|0|0|0|0||||||||
30|3|1195|S|1|0|U|0|50|26|274|E3003|29|0|0|0|0|0|0|0|0|0|0|0|0|0|0|0|0|0|0|0|0|0|0|0|0|0|0|0|0|0||||||||
30|3|1204|C|1|0|M|455|50|26|274|E3003|3|0|0|0|0|0|0|0|0|0|0|0|0|0|0|0|0|0|0|0|0|0|0|0|0|0|0|0|0|0|2024|4|25|16|40|26|1|N
30|3|1229|B|1|0|U|387|50|26|274|E3003|9|12|10|14|7|3|71|9|6|5|12|12|1|1|5|3|3|12|5|0|1|5|2|0|2|0|201|66|62|71|2024|4|25|13|33|31|4|N
30|3|1242|B|1|0|R|637|50|26|274|E3003|31|0|0|0|0|0|0|0|0|0|0|0|0|0|0|0|0|0|0|0|0|0|0|0|0|0|0|0|0|0||||||||
30|3|1395|B|1|0|R|244|61|26|274|E3003|44|0|0|0|0|0|0|0|0|0|0|0|0|0|0|0|0|0|0|0|0|0|0|0|0|0|0|0|0|0|2024|4|25|18|5|6|1|N
30|3|1396|B|1|0|R|745|61|26|274|E3003|45|0|0|0|0|0|0|0|0|0|0|0|0|0|0|0|0|0|0|0|0|0|0|0|0|0|0|0|0|0|2024|4|25|18|4|35|1|N
30|3|1396|C|1|0|R|745|61|26|274|E3003|45|0|0|0|0|0|0|0|0|0|0|0|0|0|0|0|0|0|0|0|0|0|0|0|0|0|0|0|0|0|2024|4|25|18|13|19|1|N
30|3|1703|C|2|0|U|719|79|24|274|E3003|118|0|0|0|0|0|0|0|0|0|0|0|0|0|0|0|0|0|0|0|0|0|0|0|0|0|0|0|0|0|2024|4|25|18|38|0|2|N
30|3|1708|B|1|0|U|629|79|24|274|E3003|124|0|0|0|0|0|0|0|0|0|0|0|0|0|0|0|0|0|0|0|0|0|0|0|0|0|0|0|0|0|2024|4|25|17|26|7|4|N
30|3|1717|C|1|0|R|539|79|24|274|E3003|129|0|0|0|0|0|0|0|0|0|0|0|0|0|0|0|0|0|0|0|0|0|0|0|0|0|0|0|0|0|2024|4|25|17|16|2|4|N
30|3|1717|E|1|0|R|658|79|24|274|E3003|129|0|0|0|0|0|0|0|0|0|0|0|0|0|0|0|0|0|0|0|0|0|0|0|0|0|0|0|0|0|2024|4|25|17|20|40|4|N
30|3|2182|B|1|0|U|584|95|24|274|E3003|107|0|0|0|0|0|0|0|0|0|0|0|0|0|0|0|0|0|0|0|0|0|0|0|0|0|0|0|0|0|2024|4|25|16|53|48|2|N
30|3|2189|C|1|0|R|437|95|24|274|E3003|109|0|0|0|0|0|0|0|0|0|0|0|0|0|0|0|0|0|0|0|0|0|0|0|0|0|0|0|0|0||||||||
30|3|2199|E|1|0|R|411|95|24|274|E3003|116|0|0|0|0|0|0|0|0|0|0|0|0|0|0|0|0|0|0|0|0|0|0|0|0|0|0|0|0|0|2024|4|25|17|52|48|2|N
30|3|3086|E|1|0|R|303|131|27|274|E3003|138|0|0|0|0|0|0|0|0|0|0|0|0|0|0|0|0|0|0|0|0|0|0|0|0|0|0|0|0|0|2024|4|25|17|26|35|1|N
30|3|3099|B|1|0|R|630|131|27|274|E3003|137|0|0|0|0|0|0|0|0|0|0|0|0|0|0|0|0|0|0|0|0|0|0|0|0|0|0|0|0|0|2024|4|25|17|19|0|1|N
30|3|3490|E|2|0|R|315|145|27|274|E3003|88|0|0|0|0|0|0|0|0|0|0|0|0|0|0|0|0|0|0|0|0|0|0|0|0|0|0|0|0|0|2024|4|25|17|8|11|1|N
30|3|4910|C|2|0|R|734|50|26|274|E3003|5|0|0|0|0|0|0|0|0|0|0|0|0|0|0|0|0|0|0|0|0|0|0|0|0|0|0|0|0|0|2024|4|25|16|26|54|1|N
30|4|549|C|1|0|U|740|29|16|275|E3004|108|18|18|11|7|8|186|9|5|7|19|13|3|8|1|6|5|6|5|6|0|0|0|0|0|0|341|89|66|186|2024|4|25|15|5|3|4|N
30|4|563|C|1|0|U|563|29|16|275|E3004|114|14|16|5|3|4|134|1|3|13|12|13|3|5|3|2|1|1|6|3|3|1|3|0|20|2|271|76|39|134|2024|4|25|15|24|9|4|N
30|4|581|C|2|0|U|717|29|16|275|E3004|127|15|19|7|7|4|172|6|7|7|18|8|7|7|3|6|7|3|6|5|7|2|3|0|18|3|347|81|73|172|2024|4|25|15|39|2|4|N
30|4|4368|C|1|0|U|558|192|15|275|E3004|50|0|0|0|0|0|0|0|0|0|0|0|0|0|0|0|0|0|0|0|0|0|0|0|0|0|0|0|0|0||||||||
30|4|4380|B|1|0|U|426|192|15|275|E3004|52|0|0|0|0|0|0|0|0|0|0|0|0|0|0|0|0|0|0|0|0|0|0|0|0|0|0|0|0|0||||||||
30|4|4381|B|1|0|U|679|192|15|275|E3004|52|13|17|8|5|11|147|7|0|17|20|16|6|5|6|3|5|0|4|5|4|2|6|0|24|4|335|97|63|147|2024|4|25|14|16|41|4|N
30|4|4386|C|1|0|U|450|192|15|275|E3004|46|0|0|0|0|0|0|0|0|0|0|0|0|0|0|0|0|0|0|0|0|0|0|0|0|0|0|0|0|0||||||||
30|4|4427|B|1|0|U|517|192|15|275|E3004|69|0|0|0|0|0|0|0|0|0|0|0|0|0|0|0|0|0|0|0|0|0|0|0|0|0|0|0|0|0|2024|4|25|18|27|36|1|N
30|4|4442|C|1|0|U|448|192|15|275|E3004|58|11|5|4|3|3|110|6|3|9|12|4|5|3|8|1|4|2|3|5|0|0|0|0|13|1|215|50|41|110|2024|4|25|15|18|36|4|N
30|4|4451|B|1|0|U|444|192|15|275|E3004|37|0|0|0|0|0|0|0|0|0|0|0|0|0|0|0|0|0|0|0|0|0|0|0|0|0|0|0|0|0|2024|4|25|17|33|13|1|N
30|4|4461|C|3|0|U|564|192|15|275|E3004|27|13|20|8|3|1|117|3|4|8|15|15|1|8|7|6|5|5|2|5|0|4|4|0|25|1|280|80|57|117|2024|4|25|14|17|14|4|N
30|4|4468|B|1|0|U|722|192|15|275|E3004|131|15|13|7|5|5|190|7|6|8|16|11|5|3|5|5|4|2|5|7|2|2|4|0|27|5|359|75|62|190|2024|4|25|15|19|27|4|N
30|4|4490|C|3|0|U|692|192|15|275|E3004|1|18|21|9|4|6|186|8|6|10|17|12|6|1|4|4|9|5|4|4|3|5|8|0|24|2|376|93|71|186|2024|4|25|14|9|55|4|N
30|4|4490|C|4|0|U|692|192|15|275|E3004|2|0|0|0|0|0|0|0|0|0|0|0|0|0|0|0|0|0|0|0|0|0|0|0|0|0|0|0|0|0|2024|4|25|17|22|11|1|N
30|4|4494|C|4|0|U|691|192|15|275|E3004|11|14|25|6|5|5|149|2|2|17|20|13|5|8|9|3|6|3|5|5|2|2|8|0|32|3|349|100|65|149|2024|4|25|15|6|29|4|N
30|4|4747|C|1|0|U|650|192|15|275|E3004|49|0|0|0|0|0|0|0|0|0|0|0|0|0|0|0|0|0|0|0|0|0|0|0|0|0|0|0|0|0||||||||
30|4|4930|C|2|0|R|532|29|16|275|E3004|129|0|0|0|0|0|0|0|0|0|0|0|0|0|0|0|0|0|0|0|0|0|0|0|0|0|0|0|0|0|2024|4|25|16|42|43|1|N
30|5|3118|C|2|0|U|641|132|5|276|E3005|8|34|38|25|6|7|53|4|3|38|19|42|2|5|3|8|5|8|2|4|5|4|9|0|0|0|324|198|73|53|2024|4|25|14|2|53|4|N
30|5|3129|B|1|0|U|696|132|5|276|E3005|15|35|30|27|5|11|76|1|2|44|24|42|2|3|4|7|4|5|5|3|8|12|9|0|1|0|360|204|79|76|2024|4|25|15|9|4|4|N
30|5|3139|B|1|0|U|622|132|5|276|E3005|19|34|38|23|7|8|56|3|5|38|24|36|4|3|2|4|4|10|5|4|7|5|3|1|0|0|324|197|71|56|2024|4|25|15|38|29|4|N
30|5|3144|C|5|0|U|632|132|5|276|E3005|22|29|33|40|6|5|58|2|5|40|27|39|4|6|5|5|3|7|6|4|6|2|4|0|0|0|336|212|66|58|2024|4|25|14|9|8|4|N
30|5|3155|C|1|0|U|414|132|5|276|E3005|31|24|23|22|5|5|27|4|5|29|9|21|0|3|1|3|3|5|1|3|3|6|1|0|0|0|203|128|48|27|2024|4|25|15|7|18|4|N
30|5|3166|C|2|0|U|516|132|5|276|E3005|35|18|19|19|3|6|57|2|2|39|16|29|1|1|4|3|1|5|2|1|6|5|5|0|0|0|244|141|46|57|2024|4|25|14|13|44|4|N
30|5|3553|C|1|0|U|461|152|3|276|E3005|65|0|0|0|0|0|0|0|0|0|0|0|0|0|0|0|0|0|0|0|0|0|0|0|0|0|0|0|0|0|2024|4|25|16|51|27|4|N
30|5|3568|C|1|0|R|474|152|3|276|E3005|70|20|14|20|5|7|46|1|3|39|26|30|2|5|2|3|3|4|2|4|5|2|7|0|0|0|250|151|53|46|2024|4|25|15|25|56|4|N
30|5|3932|C|1|0|M|492|174|3|276|E3005|73|20|23|21|5|40|40|1|4|25|24|34|0|8|3|7|1|7|1|3|7|4|3|1|0|0|282|147|95|40|2024|4|25|15|33|22|4|N
30|5|3936|C|1|0|R|410|174|3|276|E3005|74|20|19|24|4|5|42|1|4|25|20|32|2|2|4|2|2|7|4|2|1|2|1|0|0|0|225|142|41|42|2024|4|25|15|25|25|4|N
30|5|3949|C|1|0|M|596|174|3|276|E3005|87|28|27|19|8|12|61|1|3|30|21|40|1|3|2|5|6|5|1|5|7|5|4|0|0|0|294|166|67|61|2024|4|25|15|37|11|4|N
30|5|3950|B|1|0|R|701|174|3|276|E3005|82|23|34|33|16|9|65|6|3|38|29|41|1|10|5|6|8|12|3|4|6|4|6|0|0|0|362|199|98|65|2024|4|25|15|12|11|4|N
30|5|3954|C|2|0|M|707|174|3|276|E3005|90|37|24|25|5|7|60|4|1|46|27|48|6|10|6|11|2|5|4|2|9|4|8|0|1|0|352|213|78|60|2024|4|25|15|46|44|4|N
30|5|3961|B|1|0|U|511|174|3|276|E3005|95|21|31|28|5|5|40|2|5|40|26|21|3|6|5|4|4|4|2|2|4|8|4|1|1|0|272|170|61|40|2024|4|25|15|16|34|4|N
30|5|3970|B|1|0|U|584|174|3|276|E3005|100|29|31|25|4|7|44|3|4|37|18|48|4|4|1|4|1|10|6|2|5|7|10|1|0|0|305|192|69|44|2024|4|25|15|15|22|4|N
30|5|4110|B|1|0|U|722|188|3|276|E3005|118|0|0|0|0|0|0|0|0|0|0|0|0|0|0|0|0|0|0|0|0|0|0|0|0|0|0|0|0|0|2024|4|25|16|13|42|4|N
30|5|4133|C|1|0|U|459|188|3|276|E3005|145|22|25|19|5|4|40|1|5|30|18|36|2|3|5|4|4|3|2|7|7|6|3|0|0|0|251|152|59|40|2024|4|25|15|40|25|4|N
30|5|4138|C|1|0|U|642|188|3|276|E3005|108|34|30|27|5|7|61|5|6|42|24|35|4|6|2|4|3|9|3|1|6|9|2|0|0|0|325|196|68|61|2024|4|25|15|25|3|4|N
30|5|4146|C|1|0|U|721|188|3|276|E3005|146|33|48|30|5|10|57|4|3|37|24|40|0|5|4|5|6|9|4|5|7|7|7|1|0|0|351|212|82|57|2024|4|25|15|48|18|4|N
30|5|4154|C|2|0|R|656|188|3|276|E3005|143|0|0|0|0|0|0|0|0|0|0|0|0|0|0|0|0|0|0|0|0|0|0|0|0|0|0|0|0|0|2024|4|25|15|59|3|4|N
30|6|940|B|1|0|U|542|42|5|277|E3006|72|18|24|34|8|9|59|6|10|17|10|9|0|4|9|7|4|8|8|16|10|7|11|0|0|0|288|112|117|59|2024|4|25|15|52|13|4|N
30|6|944|C|1|0|U|549|42|5|277|E3006|75|0|0|0|0|0|0|0|0|0|0|0|0|0|0|0|0|0|0|0|0|0|0|0|0|0|0|0|0|0|2024|4|25|16|53|33|4|N
30|6|946|C|2|0|R|564|42|5|277|E3006|77|10|31|33|8|11|41|5|6|12|9|18|0|4|7|8|8|11|13|15|6|12|9|0|0|1|278|113|123|41|2024|4|25|15|46|46|4|N
30|6|1270|C|1|0|R|400|52|6|277|E3006|92|0|0|0|0|0|0|0|0|0|0|0|0|0|0|0|0|0|0|0|0|0|0|0|0|0|0|0|0|0||||||||
30|6|1276|C|1|0|U|577|53|6|277|E3006|100|0|0|0|0|0|0|0|0|0|0|0|0|0|0|0|0|0|0|0|0|0|0|0|0|0|0|0|0|0|2024|4|25|18|8|24|4|N
30|6|1514|C|2|0|R|642|68|6|277|E3006|85|0|0|0|0|0|0|0|0|0|0|0|0|0|0|0|0|0|0|0|0|0|0|0|0|0|0|0|0|0||||||||
30|6|1526|B|1|0|U|675|69|6|277|E3006|108|0|0|0|0|0|0|0|0|0|0|0|0|0|0|0|0|0|0|0|0|0|0|0|0|0|0|0|0|0|2024|4|25|16|55|30|1|N
30|6|1528|B|1|0|R|593|69|6|277|E3006|110|0|0|0|0|0|0|0|0|0|0|0|0|0|0|0|0|0|0|0|0|0|0|0|0|0|0|0|0|0|2024|4|25|16|38|1|1|N
30|6|2375|B|1|0|U|680|104|6|277|E3006|113|15|25|40|11|19|65|11|11|24|13|14|1|5|15|15|7|8|8|12|7|17|13|0|0|0|356|132|159|65|2024|4|25|15|26|7|4|N
30|6|2899|C|3|0|U|700|125|6|277|E3006|29|0|0|0|0|0|0|0|0|0|0|0|0|0|0|0|0|0|0|0|0|0|0|0|0|0|0|0|0|0|2024|4|25|17|58|18|1|N
30|6|2929|C|1|0|M|653|125|6|277|E3006|19|0|0|0|0|0|0|0|0|0|0|0|0|0|0|0|0|0|0|0|0|0|0|0|0|0|0|0|0|0|2024|4|25|17|54|21|1|N
30|6|2957|C|1|0|R|531|125|6|277|E3006|52|17|25|27|7|11|55|2|7|8|20|12|2|7|5|7|6|15|8|9|6|7|10|0|0|0|273|111|107|55|2024|4|25|15|6|0|4|N
30|6|2971|B|1|0|R|575|125|6|277|E3006|55|0|0|0|0|0|0|0|0|0|0|0|0|0|0|0|0|0|0|0|0|0|0|0|0|0|0|0|0|0|2024|4|25|18|5|36|1|N
30|6|2971|C|1|0|R|574|125|6|277|E3006|55|0|0|0|0|0|0|0|0|0|0|0|0|0|0|0|0|0|0|0|0|0|0|0|0|0|0|0|0|0|2024|4|25|18|19|43|1|N
30|6|2989|E|2|0|R|354|125|6|277|E3006|63|0|0|0|0|0|0|0|0|0|0|0|0|0|0|0|0|0|0|0|0|0|0|0|0|0|0|0|0|0|2024|4|25|18|22|23|1|N
30|6|4761|B|1|0|M|490|158|7|277|E3006|137|0|0|0|0|0|0|0|0|0|0|0|0|0|0|0|0|0|0|0|0|0|0|0|0|0|0|0|0|0|2024|4|25|17|36|43|4|N
30|6|4765|B|1|0|U|453|158|7|277|E3006|143|22|28|21|7|7|35|6|8|15|11|7|0|3|4|7|6|6|10|8|14|9|6|0|1|0|241|104|101|35|2024|4|25|14|15|5|4|N
30|6|4965|C|1|0|U|668|42|5|277|E3006|67|0|0|0|0|0|0|0|0|0|0|0|0|0|0|0|0|0|0|0|0|0|0|0|0|0|0|0|0|0|2024|4|25|16|16|19|4|N
30|7|225|E|1|0|R|259|11|9|278|E3007|17|0|0|0|0|0|0|0|0|0|0|0|0|0|0|0|0|0|0|0|0|0|0|0|0|0|0|0|0|0||||||||
30|7|231|B|1|0|R|329|11|9|278|E3007|3|0|0|0|0|0|0|0|0|0|0|0|0|0|0|0|0|0|0|0|0|0|0|0|0|0|0|0|0|0|2024|4|25|18|28|44|1|N
30|7|434|C|1|0|R|395|24|9|278|E3007|26|0|0|0|0|0|0|0|0|0|0|0|0|0|0|0|0|0|0|0|0|0|0|0|0|0|0|0|0|0|2024|4|25|16|21|15|1|N
30|7|435|C|1|0|R|516|24|9|278|E3007|25|25|20|18|2|3|49|4|5|16|25|14|8|6|4|5|6|6|6|8|12|6|5|1|9|1|264|126|79|49|2024|4|25|14|17|5|4|N
30|7|445|E|1|0|R|388|24|9|278|E3007|36|0|0|0|0|0|0|0|0|0|0|0|0|0|0|0|0|0|0|0|0|0|0|0|0|0|0|0|0|0|2024|4|25|18|32|56|1|N
30|7|450|E|1|0|R|735|24|9|278|E3007|34|25|39|18|5|5|75|7|7|27|31|19|7|9|9|9|7|5|6|5|11|9|9|0|10|2|356|166|103|75|2024|4|25|15|29|17|1|N
30|7|458|B|1|0|R|462|24|9|278|E3007|38|0|0|0|0|0|0|0|0|0|0|0|0|0|0|0|0|0|0|0|0|0|0|0|0|0|0|0|0|0|2024|4|25|16|35|56|1|N
30|7|1840|B|1|0|R|665|88|9|278|E3007|49|21|37|18|5|4|67|10|7|18|25|18|7|7|9|5|4|6|6|14|19|5|4|1|10|3|330|144|106|67|2024|4|25|15|16|25|1|N
30|7|2314|C|2|0|U|713|103|7|278|E3007|56|0|0|0|0|0|0|0|0|0|0|0|0|0|0|0|0|0|0|0|0|0|0|0|0|0|0|0|0|0|2024|4|25|17|49|27|1|N
30|7|2327|B|1|0|R|393|103|7|278|E3007|90|0|0|0|0|0|0|0|0|0|0|0|0|0|0|0|0|0|0|0|0|0|0|0|0|0|0|0|0|0|2024|4|25|18|3|35|1|N
30|7|2347|B|1|0|R|484|103|7|278|E3007|91|0|0|0|0|0|0|0|0|0|0|0|0|0|0|0|0|0|0|0|0|0|0|0|0|0|0|0|0|0||||||||
30|7|2360|E|1|1|M|454|103|7|278|E3007|88|0|0|0|0|0|0|0|0|0|0|0|0|0|0|0|0|0|0|0|0|0|0|0|0|0|0|0|0|0||||||||
30|7|2369|B|1|0|R|359|103|7|278|E3007|80|0|0|0|0|0|0|0|0|0|0|0|0|0|0|0|0|0|0|0|0|0|0|0|0|0|0|0|0|0|2024|4|25|16|13|19|1|N
30|7|2531|C|1|0|U|421|110|8|278|E3007|108|0|0|0|0|0|0|0|0|0|0|0|0|0|0|0|0|0|0|0|0|0|0|0|0|0|0|0|0|0||||||||
30|7|2619|B|1|0|R|467|115|8|278|E3007|156|0|0|0|0|0|0|0|0|0|0|0|0|0|0|0|0|0|0|0|0|0|0|0|0|0|0|0|0|0|2024|4|25|17|33|7|1|N
30|7|4046|C|1|0|U|628|182|7|278|E3007|141|0|0|0|0|0|0|0|0|0|0|0|0|0|0|0|0|0|0|0|0|0|0|0|0|0|0|0|0|0|2024|4|25|17|1|21|4|N
30|7|4067|E|1|0|R|194|182|7|278|E3007|121|0|0|0|0|0|0|0|0|0|0|0|0|0|0|0|0|0|0|0|0|0|0|0|0|0|0|0|0|0|2024|4|25|16|38|43|1|N
30|7|4069|E|1|0|R|270|182|7|278|E3007|122|0|0|0|0|0|0|0|0|0|0|0|0|0|0|0|0|0|0|0|0|0|0|0|0|0|0|0|0|0|2024|4|25|16|53|39|1|N
30|7|4863|C|1|0|U|747|110|8|278|E3007|103|0|0|0|0|0|0|0|0|0|0|0|0|0|0|0|0|0|0|0|0|0|0|0|0|0|0|0|0|0|2024|4|25|18|34|31|1|N
30|7|4867|C|1|0|M|516|182|7|278|E3007|127|0|0|0|0|0|0|0|0|0|0|0|0|0|0|0|0|0|0|0|0|0|0|0|0|0|0|0|0|0|2024|4|25|16|58|12|1|N
30|8|51|C|1|0|R|590|4|13|279|E3008|118|0|0|0|0|0|0|0|0|0|0|0|0|0|0|0|0|0|0|0|0|0|0|0|0|0|0|0|0|0||||||||
30|8|63|C|1|0|R|438|4|13|279|E3008|62|0|0|0|0|0|0|0|0|0|0|0|0|0|0|0|0|0|0|0|0|0|0|0|0|0|0|0|0|0||||||||
30|8|74|B|1|0|M|426|4|13|279|E3008|63|0|0|0|0|0|0|0|0|0|0|0|0|0|0|0|0|0|0|0|0|0|0|0|0|0|0|0|0|0|2024|4|25|16|15|42|4|N
30|8|184|C|1|0|U|708|10|8|279|E3008|28|21|22|37|9|6|48|9|9|28|23|24|3|11|10|12|8|5|12|10|9|11|9|1|3|0|340|158|131|48|2024|4|25|15|27|30|4|N
30|8|186|B|1|0|U|601|10|8|279|E3008|29|0|0|0|0|0|0|0|0|0|0|0|0|0|0|0|0|0|0|0|0|0|0|0|0|0|0|0|0|0|2024|4|25|16|0|59|1|N
30|8|375|B|1|0|U|604|17|13|279|E3008|84|0|0|0|0|0|0|0|0|0|0|0|0|0|0|0|0|0|0|0|0|0|0|0|0|0|0|0|0|0|2024|4|25|16|22|5|4|N
30|8|464|C|3|0|R|640|25|13|279|E3008|151|0|0|0|0|0|0|0|0|0|0|0|0|0|0|0|0|0|0|0|0|0|0|0|0|0|0|0|0|0|2024|4|25|17|20|39|1|N
30|8|968|B|1|0|R|405|44|8|279|E3008|11|0|0|0|0|0|0|0|0|0|0|0|0|0|0|0|0|0|0|0|0|0|0|0|0|0|0|0|0|0|2024|4|25|17|29|51|1|N
30|8|969|B|1|0|R|521|44|8|279|E3008|12|14|22|26|5|3|46|6|4|25|17|15|0|14|9|6|3|6|16|12|6|1|6|1|4|0|267|119|98|46|2024|4|25|15|22|34|1|N
30|8|1336|B|1|0|M|672|59|8|279|E3008|42|0|0|0|0|0|0|0|0|0|0|0|0|0|0|0|0|0|0|0|0|0|0|0|0|0|0|0|0|0|2024|4|25|18|39|34|1|N
30|8|1480|E|1|2|M|700|67|13|279|E3008|132|0|0|0|0|0|0|0|0|0|0|0|0|0|0|0|0|0|0|0|0|0|0|0|0|0|0|0|0|0|2024|4|25|17|14|32|1|N
30|8|1485|C|1|0|M|666|67|13|279|E3008|139|0|0|0|0|0|0|0|0|0|0|0|0|0|0|0|0|0|0|0|0|0|0|0|0|0|0|0|0|0|2024|4|25|18|28|57|1|N
30|8|2602|B|1|0|R|383|113|8|279|E3008|54|0|0|0|0|0|0|0|0|0|0|0|0|0|0|0|0|0|0|0|0|0|0|0|0|0|0|0|0|0||||||||
30|8|3018|C|1|0|R|603|127|13|279|E3008|108|0|0|0|0|0|0|0|0|0|0|0|0|0|0|0|0|0|0|0|0|0|0|0|0|0|0|0|0|0||||||||
30|8|3268|B|1|0|R|512|134|13|279|E3008|95|0|0|0|0|0|0|0|0|0|0|0|0|0|0|0|0|0|0|0|0|0|0|0|0|0|0|0|0|0|2024|4|25|16|15|24|1|N
30|8|3273|B|1|0|R|635|134|13|279|E3008|160|0|0|0|0|0|0|0|0|0|0|0|0|0|0|0|0|0|0|0|0|0|0|0|0|0|0|0|0|0|2024|4|25|17|55|30|1|N
30|8|4183|B|1|0|U|697|190|13|279|E3008|70|22|21|34|10|7|57|8|12|31|30|22|2|18|9|12|16|5|12|10|9|5|6|0|2|0|360|162|139|57|2024|4|25|15|45|31|4|N
30|8|4184|B|1|0|U|459|190|13|279|E3008|68|12|19|23|6|1|31|6|9|18|14|17|1|8|8|2|5|3|7|10|5|7|3|0|1|0|216|104|80|31|2024|4|25|15|45|19|4|N
30|8|4184|C|1|0|U|458|190|13|279|E3008|68|15|15|20|4|7|38|6|7|20|11|11|1|6|11|9|6|11|6|9|4|3|4|0|2|0|226|93|93|38|2024|4|25|15|48|11|4|N
30|8|4188|B|1|0|U|388|190|13|279|E3008|73|0|0|0|0|0|0|0|0|0|0|0|0|0|0|0|0|0|0|0|0|0|0|0|0|0|0|0|0|0|2024|4|25|16|6|35|1|N
30|9|465|C|2|0|M|617|26|12|280|E3009|4|0|0|0|0|0|0|0|0|0|0|0|0|0|0|0|0|0|0|0|0|0|0|0|0|0|0|0|0|0|2024|4|25|16|10|40|4|N
30|9|472|E|1|0|R|190|26|12|280|E3009|11|2|8|5|3|2|26|2|1|3|9|3|2|3|0|0|1|5|1|5|4|3|3|1|1|3|96|32|34|26|2024|4|25|15|35|24|4|N
30|9|707|B|1|0|R|491|38|8|280|E3009|24|0|0|0|0|0|0|0|0|0|0|0|0|0|0|0|0|0|0|0|0|0|0|0|0|0|0|0|0|0|2024|4|25|18|33|35|1|N
30|9|719|B|1|0|M|729|40|12|280|E3009|31|0|0|0|0|0|0|0|0|0|0|0|0|0|0|0|0|0|0|0|0|0|0|0|0|0|0|0|0|0|2024|4|25|17|31|21|1|N
30|9|728|B|1|0|U|562|40|12|280|E3009|36|16|23|19|6|7|58|5|3|14|12|21|1|7|5|8|12|16|6|7|8|3|10|0|5|2|274|106|103|58|2024|4|25|11|49|18|4|N
30|9|1153|B|1|0|U|495|48|12|280|E3009|56|0|0|0|0|0|0|0|0|0|0|0|0|0|0|0|0|0|0|0|0|0|0|0|0|0|0|0|0|0|2024|4|25|17|1|45|4|N
30|9|1157|C|1|0|R|557|48|12|280|E3009|58|0|0|0|0|0|0|0|0|0|0|0|0|0|0|0|0|0|0|0|0|0|0|0|0|0|0|0|0|0|2024|4|25|18|35|53|1|N
30|9|2172|C|1|0|R|527|94|8|280|E3009|67|0|0|0|0|0|0|0|0|0|0|0|0|0|0|0|0|0|0|0|0|0|0|0|0|0|0|0|0|0|2024|4|25|17|41|1|1|N
30|9|3043|C|1|0|U|601|129|9|280|E3009|76|0|0|0|0|0|0|0|0|0|0|0|0|0|0|0|0|0|0|0|0|0|0|0|0|0|0|0|0|0|2024|4|25|17|48|13|1|N
30|9|3043|C|2|0|U|601|129|9|280|E3009|76|0|0|0|0|0|0|0|0|0|0|0|0|0|0|0|0|0|0|0|0|0|0|0|0|0|0|0|0|0|2024|4|25|18|37|50|1|N
30|9|3049|B|1|0|R|734|129|9|280|E3009|81|0|0|0|0|0|0|0|0|0|0|0|0|0|0|0|0|0|0|0|0|0|0|0|0|0|0|0|0|0|2024|4|25|16|52|1|1|N
30|9|3055|B|1|0|R|315|129|9|280|E3009|85|0|0|0|0|0|0|0|0|0|0|0|0|0|0|0|0|0|0|0|0|0|0|0|0|0|0|0|0|0|2024|4|25|18|3|27|1|N
30|9|3293|E|1|0|R|723|137|9|280|E3009|96|0|0|0|0|0|0|0|0|0|0|0|0|0|0|0|0|0|0|0|0|0|0|0|0|0|0|0|0|0|2024|4|25|17|53|17|1|N
30|9|3750|C|1|0|R|421|163|12|280|E3009|105|0|0|0|0|0|0|0|0|0|0|0|0|0|0|0|0|0|0|0|0|0|0|0|0|0|0|0|0|0|2024|4|25|18|37|1|1|N
30|9|4039|E|1|0|U|720|181|12|280|E3009|114|0|0|0|0|0|0|0|0|0|0|0|0|0|0|0|0|0|0|0|0|0|0|0|0|0|0|0|0|0|2024|4|25|16|28|55|4|N
30|9|4501|C|2|0|U|540|193|9|280|E3009|129|0|0|0|0|0|0|0|0|0|0|0|0|0|0|0|0|0|0|0|0|0|0|0|0|0|0|0|0|0|2024|4|25|18|30|0|1|N
30|9|4513|C|1|0|U|483|194|12|280|E3009|121|10|17|6|3|4|51|4|7|8|18|18|6|5|8|6|7|8|6|9|9|6|13|0|3|3|235|83|95|51|2024|4|25|14|17|52|4|N
30|10|1849|C|1|0|U|705|89|11|281|E3010|9|22|15|46|16|4|85|10|5|17|24|17|0|4|1|12|5|13|6|12|0|0|0|0|0|0|314|141|88|85|2024|4|25|15|18|13|4|N
30|10|1863|B|1|0|U|624|89|11|281|E3010|21|0|0|0|0|0|0|0|0|0|0|0|0|0|0|0|0|0|0|0|0|0|0|0|0|0|0|0|0|0|2024|4|25|16|5|34|4|N
30|10|1865|C|1|0|U|509|89|11|281|E3010|24|13|8|35|6|4|67|5|6|13|15|14|1|3|1|8|3|9|4|9|5|7|6|0|3|4|249|99|76|67|2024|4|25|14|11|27|4|N
30|10|1878|B|1|0|U|714|89|11|281|E3010|29|24|13|38|14|7|89|7|12|15|21|18|1|5|1|13|8|9|5|10|7|19|3|0|8|1|348|130|120|89|2024|4|25|15|18|11|1|N
30|10|1895|B|1|0|U|745|89|11|281|E3010|26|0|0|0|0|0|0|0|0|0|0|0|0|0|0|0|0|0|0|0|0|0|0|0|0|0|0|0|0|0|2024|4|25|16|0|18|4|N
30|10|1899|B|1|0|U|513|89|11|281|E3010|55|0|0|0|0|0|0|0|0|0|0|0|0|0|0|0|0|0|0|0|0|0|0|0|0|0|0|0|0|0|2024|4|25|17|0|49|1|N
30|10|1928|C|1|0|U|542|89|11|281|E3010|62|15|19|29|12|3|70|4|3|12|10|11|0|6|2|9|5|4|5|5|6|4|4|1|8|6|253|96|73|70|2024|4|25|15|44|10|4|N
30|10|1930|B|1|0|U|711|89|11|281|E3010|60|0|0|0|0|0|0|0|0|0|0|0|0|0|0|0|0|0|0|0|0|0|0|0|0|0|0|0|0|0|2024|4|25|16|30|42|4|N
30|10|1933|C|1|0|U|469|89|11|281|E3010|55|0|0|0|0|0|0|0|0|0|0|0|0|0|0|0|0|0|0|0|0|0|0|0|0|0|0|0|0|0|2024|4|25|17|11|5|1|N
30|10|1946|B|1|0|U|410|89|11|281|E3010|61|0|0|0|0|0|0|0|0|0|0|0|0|0|0|0|0|0|0|0|0|0|0|0|0|0|0|0|0|0|2024|4|25|16|2|45|4|N
30|10|1958|C|1|0|U|670|89|11|281|E3010|45|0|0|0|0|0|0|0|0|0|0|0|0|0|0|0|0|0|0|0|0|0|0|0|0|0|0|0|0|0|2024|4|25|17|7|31|4|N
30|10|1962|B|1|0|U|507|89|11|281|E3010|51|0|0|0|0|0|0|0|0|0|0|0|0|0|0|0|0|0|0|0|0|0|0|0|0|0|0|0|0|0|2024|4|25|15|52|49|1|N
30|10|2017|C|1|0|U|530|89|11|281|E3010|80|0|0|0|0|0|0|0|0|0|0|0|0|0|0|0|0|0|0|0|0|0|0|0|0|0|0|0|0|0|2024|4|25|16|18|38|4|N
30|10|2028|B|1|0|U|529|89|10|281|E3010|132|22|20|36|6|2|70|4|1|10|10|11|0|3|1|7|3|4|5|12|3|2|5|0|5|3|245|109|58|70|2024|4|25|15|48|12|4|N
30|10|2029|C|1|0|U|464|89|10|281|E3010|132|14|9|26|7|8|60|4|7|7|19|9|1|2|2|6|2|3|4|8|16|7|4|0|3|1|229|85|80|60|2024|4|25|15|51|54|4|N
30|10|2044|B|1|0|U|557|89|11|281|E3010|80|0|0|0|0|0|0|0|0|0|0|0|0|0|0|0|0|0|0|0|0|0|0|0|0|0|0|0|0|0|2024|4|25|16|13|31|4|N
30|10|2061|C|1|0|U|397|89|10|281|E3010|101|0|0|0|0|0|0|0|0|0|0|0|0|0|0|0|0|0|0|0|0|0|0|0|0|0|0|0|0|0|2024|4|25|17|50|13|4|N
30|10|2095|C|3|0|U|611|89|10|281|E3010|138|10|14|46|8|8|77|4|7|18|30|18|1|1|3|6|12|4|7|5|6|8|9|1|8|3|314|137|89|77|2024|4|25|14|16|40|4|N
30|10|2099|C|1|0|U|708|89|10|281|E3010|112|28|19|40|11|8|82|9|8|22|23|16|1|6|4|6|4|11|8|14|16|8|11|1|7|4|367|149|125|82|2024|4|25|15|8|15|4|N
30|10|4939|C|1|0|U|679|89|11|281|E3010|11|18|16|48|11|7|80|4|10|18|13|23|1|5|4|10|7|14|5|11|6|16|8|0|10|3|348|137|118|80|2024|4|25|14|6|53|1|N
30|10|4978|B|1|0|U|604|89|10|281|E3010|166|0|0|0|0|0|0|0|0|0|0|0|0|0|0|0|0|0|0|0|0|0|0|0|0|0|0|0|0|0|2024|4|25|15|59|16|1|N
30|11|763|C|1|0|U|702|41|29|282|E3011|23|21|18|13|17|10|129|1|11|21|24|15|8|3|8|6|4|13|10|9|3|1|2|0|1|0|348|120|98|129|2024|4|25|15|15|31|4|N
30|11|775|C|1|0|U|672|41|29|282|E3011|74|0|0|0|0|0|0|0|0|0|0|0|0|0|0|0|0|0|0|0|0|0|0|0|0|0|0|0|0|0|2024|4|25|16|2|6|4|N
30|11|824|B|1|0|U|694|41|29|282|E3011|59|0|0|0|0|0|0|0|0|0|0|0|0|0|0|0|0|0|0|0|0|0|0|0|0|0|0|0|0|0||||||||
30|11|840|C|1|0|U|439|41|29|282|E3011|85|0|0|0|0|0|0|0|0|0|0|0|0|0|0|0|0|0|0|0|0|0|0|0|0|0|0|0|0|0||||||||
30|11|842|B|1|0|U|687|41|30|282|E3011|88|0|0|0|0|0|0|0|0|0|0|0|0|0|0|0|0|0|0|0|0|0|0|0|0|0|0|0|0|0|2024|4|25|17|29|49|4|N
30|11|844|B|1|0|U|537|41|29|282|E3011|80|0|0|0|0|0|0|0|0|0|0|0|0|0|0|0|0|0|0|0|0|0|0|0|0|0|0|0|0|0|2024|4|25|16|3|56|4|N
30|11|891|C|2|0|U|718|41|29|282|E3011|46|16|26|21|6|6|126|8|5|19|13|7|6|6|7|4|7|17|9|9|10|3|11|0|5|0|347|108|108|126|2024|4|25|15|19|42|4|N
30|11|909|C|1|0|U|416|41|30|282|E3011|98|13|11|19|9|2|72|4|6|12|11|9|1|4|3|5|5|6|10|2|0|0|0|0|0|0|204|76|56|72|2024|4|25|15|28|14|4|N
30|11|921|C|1|0|R|514|41|30|282|E3011|106|0|0|0|0|0|0|0|0|0|0|0|0|0|0|0|0|0|0|0|0|0|0|0|0|0|0|0|0|0||||||||
30|11|1775|C|3|0|U|579|84|30|282|E3011|112|0|0|0|0|0|0|0|0|0|0|0|0|0|0|0|0|0|0|0|0|0|0|0|0|0|0|0|0|0|2024|4|25|16|50|40|4|N
30|11|1777|E|1|0|U|608|84|30|282|E3011|114|0|0|0|0|0|0|0|0|0|0|0|0|0|0|0|0|0|0|0|0|0|0|0|0|0|0|0|0|0|2024|4|25|17|14|51|4|N
30|11|4678|C|1|0|U|399|206|30|282|E3011|135|0|0|0|0|0|0|0|0|0|0|0|0|0|0|0|0|0|0|0|0|0|0|0|0|0|0|0|0|0|2024|4|25|17|23|2|4|N
30|11|4695|E|1|0|R|341|206|30|282|E3011|126|0|0|0|0|0|0|0|0|0|0|0|0|0|0|0|0|0|0|0|0|0|0|0|0|0|0|0|0|0|2024|4|25|16|3|33|4|N
30|11|4742|C|1|0|U|522|41|29|282|E3011|25|0|0|0|0|0|0|0|0|0|0|0|0|0|0|0|0|0|0|0|0|0|0|0|0|0|0|0|0|0|2024|4|25|15|53|38|4|N
30|11|4841|B|1|0|U|570|41|29|282|E3011|3|0|0|0|0|0|0|0|0|0|0|0|0|0|0|0|0|0|0|0|0|0|0|0|0|0|0|0|0|0||||||||
30|11|4844|C|1|0|M|746|41|29|282|E3011|5|22|17|13|11|6|128|9|10|18|26|17|10|9|9|8|11|10|11|11|9|4|12|2|2|0|385|123|132|128|2024|4|25|15|31|20|4|N
30|11|4880|C|1|0|U|581|41|29|282|E3011|38|0|0|0|0|0|0|0|0|0|0|0|0|0|0|0|0|0|0|0|0|0|0|0|0|0|0|0|0|0||||||||
30|11|4881|C|1|0|U|595|41|29|282|E3011|40|0|0|0|0|0|0|0|0|0|0|0|0|0|0|0|0|0|0|0|0|0|0|0|0|0|0|0|0|0||||||||
30|11|4991|B|1|0|U|587|41|29|282|E3011|20|15|17|8|10|8|101|5|7|17|22|10|9|10|5|7|3|5|9|4|6|7|7|0|4|0|296|98|93|101|2024|4|25|15|15|10|4|N
30|12|4217|C|3|0|U|722|192|14|283|E3012|12|0|0|0|0|0|0|0|0|0|0|0|0|0|0|0|0|0|0|0|0|0|0|0|0|0|0|0|0|0|2024|4|25|16|17|41|2|N
30|12|4219|B|1|0|U|536|192|14|283|E3012|15|0|0|0|0|0|0|0|0|0|0|0|0|0|0|0|0|0|0|0|0|0|0|0|0|0|0|0|0|0|2024|4|25|17|4|3|1|N
30|12|4228|C|2|0|U|684|192|14|283|E3012|10|10|10|11|1|4|143|13|4|12|13|7|0|14|9|11|7|14|9|5|13|11|9|1|6|2|339|63|125|143|2024|4|25|13|13|18|4|N
30|12|4231|B|1|0|U|704|192|14|283|E3012|71|0|0|0|0|0|0|0|0|0|0|0|0|0|0|0|0|0|0|0|0|0|0|0|0|0|0|0|0|0||||||||
30|12|4243|B|1|0|U|747|192|14|283|E3012|20|0|0|0|0|0|0|0|0|0|0|0|0|0|0|0|0|0|0|0|0|0|0|0|0|0|0|0|0|0|2024|4|25|17|54|39|2|N
30|12|4246|B|1|0|U|444|192|14|283|E3012|17|0|0|0|0|0|0|0|0|0|0|0|0|0|0|0|0|0|0|0|0|0|0|0|0|0|0|0|0|0|2024|4|25|17|54|7|1|N
30|12|4275|B|1|0|U|382|192|14|283|E3012|56|0|0|0|0|0|0|0|0|0|0|0|0|0|0|0|0|0|0|0|0|0|0|0|0|0|0|0|0|0|2024|4|25|16|33|45|1|N
30|12|4279|B|1|0|U|509|192|14|283|E3012|64|0|0|0|0|0|0|0|0|0|0|0|0|0|0|0|0|0|0|0|0|0|0|0|0|0|0|0|0|0|2024|4|25|15|59|49|1|N
30|12|4307|C|5|0|U|698|192|14|283|E3012|86|0|0|0|0|0|0|0|0|0|0|0|0|0|0|0|0|0|0|0|0|0|0|0|0|0|0|0|0|0|2024|4|25|17|40|24|1|N
30|12|4307|C|8|0|U|698|192|14|283|E3012|86|0|0|0|0|0|0|0|0|0|0|0|0|0|0|0|0|0|0|0|0|0|0|0|0|0|0|0|0|0|2024|4|25|17|49|19|1|N
30|12|4312|C|1|0|U|600|192|14|283|E3012|59|0|0|0|0|0|0|0|0|0|0|0|0|0|0|0|0|0|0|0|0|0|0|0|0|0|0|0|0|0|2024|4|25|16|45|0|2|N
30|12|4329|B|1|0|U|621|192|15|283|E3012|109|4|4|8|7|5|10|6|1|6|8|4|0|2|1|3|8|5|4|7|7|1|3|2|1|2|109|34|62|10|2024|4|25|15|6|23|4|N
30|12|4486|C|6|0|U|658|192|14|283|E3012|100|10|9|12|11|3|128|8|6|10|12|14|0|10|13|9|10|10|6|9|9|14|12|0|7|0|332|67|130|128|2024|4|25|15|19|27|1|N
30|12|4498|C|7|0|M|737|192|15|283|E3012|125|0|0|0|0|0|0|0|0|0|0|0|0|0|0|0|0|0|0|0|0|0|0|0|0|0|0|0|0|0|2024|4|25|16|31|52|1|N
30|12|4778|B|1|0|U|513|192|14|283|E3012|27|0|0|0|0|0|0|0|0|0|0|0|0|0|0|0|0|0|0|0|0|0|0|0|0|0|0|0|0|0|2024|4|25|16|53|22|1|N
30|12|4793|C|1|0|U|634|192|14|283|E3012|35|9|16|7|4|7|130|14|4|12|13|10|0|6|8|7|14|7|5|15|9|11|10|1|3|1|323|67|122|130|2024|4|25|15|17|6|4|N
30|13|107|E|1|0|R|474|7|17|284|E3013|1|0|0|0|0|0|0|0|0|0|0|0|0|0|0|0|0|0|0|0|0|0|0|0|0|0|0|0|0|0|2024|4|25|15|53|25|3|N
30|13|978|B|1|0|R|579|45|18|284|E3013|23|33|23|19|9|8|35|5|10|16|18|30|11|7|5|5|8|11|4|4|19|5|8|0|9|1|303|150|108|35|2024|4|25|15|31|33|3|N
30|13|1604|C|1|0|U|570|73|18|284|E3013|41|39|20|20|4|2|41|6|3|20|13|27|11|8|4|11|13|7|6|3|9|3|3|0|12|1|286|150|82|41|2024|4|25|15|26|37|4|N
30|13|1608|C|2|0|U|708|73|18|284|E3013|40|0|0|0|0|0|0|0|0|0|0|0|0|0|0|0|0|0|0|0|0|0|0|0|0|0|0|0|0|0||||||||
30|13|1613|B|1|0|R|429|73|18|284|E3013|44|0|0|0|0|0|0|0|0|0|0|0|0|0|0|0|0|0|0|0|0|0|0|0|0|0|0|0|0|0|2024|4|25|17|10|4|4|N
30|13|1614|B|1|0|R|663|73|18|284|E3013|45|0|0|0|0|0|0|0|0|0|0|0|0|0|0|0|0|0|0|0|0|0|0|0|0|0|0|0|0|0|2024|4|25|17|33|17|3|N
30|13|1616|E|1|0|R|557|73|18|284|E3013|52|0|0|0|0|0|0|0|0|0|0|0|0|0|0|0|0|0|0|0|0|0|0|0|0|0|0|0|0|0|2024|4|25|17|39|7|3|N
30|13|1767|C|2|0|M|537|83|18|284|E3013|56|0|0|0|0|0|0|0|0|0|0|0|0|0|0|0|0|0|0|0|0|0|0|0|0|0|0|0|0|0|2024|4|25|16|27|54|3|N
30|13|1769|B|1|0|U|581|83|18|284|E3013|58|0|0|0|0|0|0|0|0|0|0|0|0|0|0|0|0|0|0|0|0|0|0|0|0|0|0|0|0|0|2024|4|25|16|23|3|3|N
30|13|1769|C|3|0|U|580|83|18|284|E3013|58|0|0|0|0|0|0|0|0|0|0|0|0|0|0|0|0|0|0|0|0|0|0|0|0|0|0|0|0|0|2024|4|25|16|28|1|3|N
30|13|1770|B|1|0|R|663|83|18|284|E3013|59|0|0|0|0|0|0|0|0|0|0|0|0|0|0|0|0|0|0|0|0|0|0|0|0|0|0|0|0|0|2024|4|25|16|22|14|3|N
30|13|2391|C|1|0|R|726|106|16|284|E3013|75|0|0|0|0|0|0|0|0|0|0|0|0|0|0|0|0|0|0|0|0|0|0|0|0|0|0|0|0|0|2024|4|25|17|23|26|3|N
30|13|2995|C|1|0|U|635|126|17|284|E3013|104|0|0|0|0|0|0|0|0|0|0|0|0|0|0|0|0|0|0|0|0|0|0|0|0|0|0|0|0|0|2024|4|25|16|1|41|3|N
30|13|3513|B|1|0|M|712|149|17|284|E3013|111|0|0|0|0|0|0|0|0|0|0|0|0|0|0|0|0|0|0|0|0|0|0|0|0|0|0|0|0|0|2024|4|25|16|13|40|3|N
30|13|3514|B|1|0|M|502|149|17|284|E3013|115|0|0|0|0|0|0|0|0|0|0|0|0|0|0|0|0|0|0|0|0|0|0|0|0|0|0|0|0|0|2024|4|25|17|1|1|3|N
30|13|4849|C|1|0|U|707|106|16|284|E3013|81|0|0|0|0|0|0|0|0|0|0|0|0|0|0|0|0|0|0|0|0|0|0|0|0|0|0|0|0|0|2024|4|25|16|47|3|4|N
30|14|1432|C|1|0|U|656|63|30|285|E3014|13|0|0|0|0|0|0|0|0|0|0|0|0|0|0|0|0|0|0|0|0|0|0|0|0|0|0|0|0|0|2024|4|25|18|5|46|1|N
30|14|1435|B|1|0|U|555|63|30|285|E3014|12|0|0|0|0|0|0|0|0|0|0|0|0|0|0|0|0|0|0|0|0|0|0|0|0|0|0|0|0|0|2024|4|25|18|1|57|1|N
30|14|1435|C|1|0|U|555|63|30|285|E3014|12|0|0|0|0|0|0|0|0|0|0|0|0|0|0|0|0|0|0|0|0|0|0|0|0|0|0|0|0|0|2024|4|25|18|3|50|1|N
30|14|1449|B|1|0|R|382|63|30|285|E3014|21|0|0|0|0|0|0|0|0|0|0|0|0|0|0|0|0|0|0|0|0|0|0|0|0|0|0|0|0|0|2024|4|25|17|4|21|1|N
30|14|1579|B|1|0|U|525|72|28|285|E3014|28|0|0|0|0|0|0|0|0|0|0|0|0|0|0|0|0|0|0|0|0|0|0|0|0|0|0|0|0|0|2024|4|25|18|9|41|1|N
30|14|1592|B|1|0|R|575|209|28|285|E3014|139|0|0|0|0|0|0|0|0|0|0|0|0|0|0|0|0|0|0|0|0|0|0|0|0|0|0|0|0|0|2024|4|25|18|27|13|1|N
30|14|2123|C|1|0|U|464|91|27|285|E3014|108|10|9|11|4|20|62|4|4|9|5|5|1|4|5|5|6|9|11|3|5|1|3|1|7|0|204|50|85|62|2024|4|25|15|47|52|4|N
30|14|2127|C|1|0|U|484|91|27|285|E3014|113|13|18|10|10|11|75|3|8|10|7|19|1|8|8|8|1|7|2|2|10|8|2|1|14|0|256|78|89|75|2024|4|25|15|0|58|4|N
30|14|2147|B|1|0|U|376|93|28|285|E3014|35|0|0|0|0|0|0|0|0|0|0|0|0|0|0|0|0|0|0|0|0|0|0|0|0|0|0|0|0|0|2024|4|25|16|54|19|2|N
30|14|2164|B|1|0|R|403|93|28|285|E3014|44|0|0|0|0|0|0|0|0|0|0|0|0|0|0|0|0|0|0|0|0|0|0|0|0|0|0|0|0|0|2024|4|25|16|46|6|1|N
30|14|2423|B|1|0|U|514|109|28|285|E3014|76|15|10|20|5|18|69|6|5|9|13|20|2|7|3|6|3|2|12|0|8|7|3|0|13|1|257|89|85|69|2024|4|25|15|42|18|4|N
30|14|2438|C|1|0|U|717|109|28|285|E3014|78|0|0|0|0|0|0|0|0|0|0|0|0|0|0|0|0|0|0|0|0|0|0|0|0|0|0|0|0|0|2024|4|25|18|31|51|1|N
30|14|2454|B|1|0|U|440|109|28|285|E3014|67|0|0|0|0|0|0|0|0|0|0|0|0|0|0|0|0|0|0|0|0|0|0|0|0|0|0|0|0|0|2024|4|25|16|41|3|1|N
30|14|2460|B|1|0|U|509|109|28|285|E3014|52|0|0|0|0|0|0|0|0|0|0|0|0|0|0|0|0|0|0|0|0|0|0|0|0|0|0|0|0|0|2024|4|25|17|47|56|1|N
30|14|2471|B|1|0|U|410|109|28|285|E3014|66|18|15|11|4|9|58|6|3|7|7|12|1|11|8|12|1|5|8|4|4|3|3|0|6|1|217|71|81|58|2024|4|25|15|0|58|4|N
30|14|2472|B|1|0|U|384|109|28|285|E3014|59|10|13|10|4|7|50|4|7|6|8|13|1|7|3|5|2|5|8|5|2|7|6|0|11|1|195|61|72|50|2024|4|25|15|28|35|4|N
30|14|2481|B|1|0|U|653|109|28|285|E3014|65|0|0|0|0|0|0|0|0|0|0|0|0|0|0|0|0|0|0|0|0|0|0|0|0|0|0|0|0|0|2024|4|25|17|46|25|2|N
30|14|2492|C|3|0|U|708|109|28|285|E3014|54|0|0|0|0|0|0|0|0|0|0|0|0|0|0|0|0|0|0|0|0|0|0|0|0|0|0|0|0|0|2024|4|25|17|9|48|1|N
30|14|2499|C|1|0|R|714|109|28|285|E3014|88|0|0|0|0|0|0|0|0|0|0|0|0|0|0|0|0|0|0|0|0|0|0|0|0|0|0|0|0|0|2024|4|25|15|53|45|4|N
30|15|415|B|1|0|U|527|23|20|286|E3015|62|0|0|0|0|0|0|0|0|0|0|0|0|0|0|0|0|0|0|0|0|0|0|0|0|0|0|0|0|0|2024|4|25|16|14|45|4|N
30|15|424|C|1|0|R|608|23|20|286|E3015|64|0|0|0|0|0|0|0|0|0|0|0|0|0|0|0|0|0|0|0|0|0|0|0|0|0|0|0|0|0|2024|4|25|18|21|46|1|N
30|15|1162|C|1|0|M|640|49|18|286|E3015|4|0|0|0|0|0|0|0|0|0|0|0|0|0|0|0|0|0|0|0|0|0|0|0|0|0|0|0|0|0|2024|4|25|16|56|59|1|N
30|15|1162|C|3|0|M|640|49|18|286|E3015|4|0|0|0|0|0|0|0|0|0|0|0|0|0|0|0|0|0|0|0|0|0|0|0|0|0|0|0|0|0|2024|4|25|16|54|47|1|N
30|15|1668|C|1|0|U|498|76|21|286|E3015|65|0|0|0|0|0|0|0|0|0|0|0|0|0|0|0|0|0|0|0|0|0|0|0|0|0|0|0|0|0|2024|4|25|17|46|47|1|N
30|15|1788|B|1|0|M|727|85|21|286|E3015|54|0|0|0|0|0|0|0|0|0|0|0|0|0|0|0|0|0|0|0|0|0|0|0|0|0|0|0|0|0|2024|4|25|17|45|4|1|N
30|15|2271|C|1|0|R|604|102|21|286|E3015|44|0|0|0|0|0|0|0|0|0|0|0|0|0|0|0|0|0|0|0|0|0|0|0|0|0|0|0|0|0|2024|4|25|17|5|54|1|N
30|15|2273|C|1|0|R|671|102|21|286|E3015|47|0|0|0|0|0|0|0|0|0|0|0|0|0|0|0|0|0|0|0|0|0|0|0|0|0|0|0|0|0|2024|4|25|17|35|23|1|N
30|15|2274|B|1|0|U|481|102|21|286|E3015|47|0|0|0|0|0|0|0|0|0|0|0|0|0|0|0|0|0|0|0|0|0|0|0|0|0|0|0|0|0|2024|4|25|16|59|16|1|N
30|15|2670|C|2|0|U|638|119|20|286|E3015|84|14|26|39|4|6|88|5|13|16|22|12|1|7|4|6|9|5|9|1|5|4|11|0|8|0|315|130|89|88|2024|4|25|15|25|11|4|N
30|15|2711|B|1|0|U|387|119|20|286|E3015|96|13|12|13|4|5|55|4|5|13|15|10|1|4|0|1|8|1|3|7|2|1|3|0|6|0|186|77|48|55|2024|4|25|15|8|9|4|N
30|15|2712|B|1|0|U|409|119|20|286|E3015|96|0|0|0|0|0|0|0|0|0|0|0|0|0|0|0|0|0|0|0|0|0|0|0|0|0|0|0|0|0|2024|4|25|17|30|36|1|N
30|15|2719|B|1|0|U|602|119|20|286|E3015|118|0|0|0|0|0|0|0|0|0|0|0|0|0|0|0|0|0|0|0|0|0|0|0|0|0|0|0|0|0|2024|4|25|16|8|58|4|N
30|15|2725|C|1|0|U|681|119|20|286|E3015|113|0|0|0|0|0|0|0|0|0|0|0|0|0|0|0|0|0|0|0|0|0|0|0|0|0|0|0|0|0|2024|4|25|16|51|30|1|N
30|15|2757|B|1|0|U|653|119|20|286|E3015|125|26|26|32|8|11|91|7|10|14|22|11|1|12|2|3|6|3|8|5|3|4|12|0|1|2|320|132|94|91|2024|4|25|15|18|57|4|N
30|15|3308|B|1|0|U|582|139|21|286|E3015|79|15|25|35|8|5|86|6|7|15|26|8|1|10|3|10|4|8|3|4|7|6|7|0|5|0|304|125|88|86|2024|4|25|15|44|16|4|N
30|16|301|B|1|0|R|747|14|19|287|E3016|3|0|0|0|0|0|0|0|0|0|0|0|0|0|0|0|0|0|0|0|0|0|0|0|0|0|0|0|0|0|2024|4|25|16|35|8|4|N
30|16|983|C|2|0|U|706|46|19|287|E3016|30|0|0|0|0|0|0|0|0|0|0|0|0|0|0|0|0|0|0|0|0|0|0|0|0|0|0|0|0|0|2024|4|25|15|57|31|4|N
30|16|1010|C|1|0|U|550|46|19|287|E3016|75|24|20|11|9|12|62|10|4|36|17|12|0|6|5|13|6|5|10|6|1|2|7|0|0|0|278|120|96|62|2024|4|25|15|29|25|4|N
30|16|1013|B|1|0|U|399|46|19|287|E3016|77|0|0|0|0|0|0|0|0|0|0|0|0|0|0|0|0|0|0|0|0|0|0|0|0|0|0|0|0|0|2024|4|25|17|47|20|1|N
30|16|1025|B|1|0|U|512|46|19|287|E3016|71|18|24|8|9|4|49|5|6|33|17|5|0|1|10|3|6|11|8|3|4|6|11|1|0|0|242|105|88|49|2024|4|25|15|25|54|4|N
30|16|1029|C|1|0|U|513|46|19|287|E3016|82|20|19|12|3|3|52|14|4|30|17|7|1|5|5|7|5|7|13|5|7|3|7|0|3|0|249|106|88|52|2024|4|25|15|40|22|4|N
30|16|1044|B|1|0|U|403|46|19|287|E3016|40|14|23|14|6|4|40|10|3|22|16|10|0|6|3|5|7|4|7|4|8|0|4|0|0|0|210|99|71|40|2024|4|25|15|16|20|4|N
30|16|1063|C|1|0|U|733|46|19|287|E3016|68|34|27|19|9|7|73|7|9|44|16|7|2|7|13|7|8|10|10|8|9|6|14|1|1|0|348|149|125|73|2024|4|25|15|1|9|4|N
30|16|1072|B|1|0|U|677|46|19|287|E3016|48|0|0|0|0|0|0|0|0|0|0|0|0|0|0|0|0|0|0|0|0|0|0|0|0|0|0|0|0|0|2024|4|25|15|59|29|4|N
30|16|1093|C|4|0|R|689|46|19|287|E3016|61|48|28|12|8|8|80|10|4|34|20|12|0|6|15|7|7|7|4|5|7|9|11|0|2|0|344|154|108|80|2024|4|25|15|42|31|4|N
30|16|1294|C|1|0|U|558|55|17|287|E3016|92|0|0|0|0|0|0|0|0|0|0|0|0|0|0|0|0|0|0|0|0|0|0|0|0|0|0|0|0|0|2024|4|25|17|33|26|1|N
30|16|1296|B|1|0|U|517|55|17|287|E3016|94|0|0|0|0|0|0|0|0|0|0|0|0|0|0|0|0|0|0|0|0|0|0|0|0|0|0|0|0|0|2024|4|25|17|16|55|1|N
30|16|1533|B|1|0|U|521|70|20|287|E3016|111|30|26|14|6|4|41|14|5|19|18|9|0|5|7|6|10|8|6|6|5|6|9|1|1|0|256|116|98|41|2024|4|25|15|23|41|4|N
30|16|1535|B|1|0|U|716|70|20|287|E3016|112|36|35|8|8|7|90|14|3|43|19|14|0|2|11|14|6|6|8|9|9|8|14|0|3|1|368|155|119|90|2024|4|25|15|31|58|4|N
30|16|1552|C|3|0|U|715|70|20|287|E3016|114|0|0|0|0|0|0|0|0|0|0|0|0|0|0|0|0|0|0|0|0|0|0|0|0|0|0|0|0|0|2024|4|25|16|38|9|1|N
30|16|1812|C|2|0|M|641|87|20|287|E3016|123|0|0|0|0|0|0|0|0|0|0|0|0|0|0|0|0|0|0|0|0|0|0|0|0|0|0|0|0|0|2024|4|25|17|19|32|2|N
30|16|4539|C|2|0|U|591|196|19|287|E3016|142|0|0|0|0|0|0|0|0|0|0|0|0|0|0|0|0|0|0|0|0|0|0|0|0|0|0|0|0|0|2024|4|25|16|35|18|4|N
30|16|4540|B|1|0|R|337|196|19|287|E3016|91|0|0|0|0|0|0|0|0|0|0|0|0|0|0|0|0|0|0|0|0|0|0|0|0|0|0|0|0|0|2024|4|25|16|44|26|1|N
30|16|4540|E|1|0|R|160|196|19|287|E3016|91|0|0|0|0|0|0|0|0|0|0|0|0|0|0|0|0|0|0|0|0|0|0|0|0|0|0|0|0|0|2024|4|25|16|48|37|1|N
30|17|261|B|1|0|U|746|12|17|288|E3017|10|34|12|17|15|11|93|15|11|23|26|35|0|6|11|6|11|10|15|9|15|6|3|0|1|0|385|147|144|93|2024|4|25|15|42|40|1|N
30|17|269|B|1|0|R|405|12|17|288|E3017|14|0|0|0|0|0|0|0|0|0|0|0|0|0|0|0|0|0|0|0|0|0|0|0|0|0|0|0|0|0|2024|4|25|18|5|56|1|N
30|17|274|B|1|0|R|388|12|17|288|E3017|18|0|0|0|0|0|0|0|0|0|0|0|0|0|0|0|0|0|0|0|0|0|0|0|0|0|0|0|0|0|2024|4|25|18|31|29|1|N
30|17|280|B|1|0|R|737|12|17|288|E3017|5|0|0|0|0|0|0|0|0|0|0|0|0|0|0|0|0|0|0|0|0|0|0|0|0|0|0|0|0|0|2024|4|25|18|33|41|1|N
30|17|1095|C|2|0|M|619|47|23|288|E3017|27|0|0|0|0|0|0|0|0|0|0|0|0|0|0|0|0|0|0|0|0|0|0|0|0|0|0|0|0|0|2024|4|25|16|19|11|1|N
30|17|1115|C|2|0|M|529|47|23|288|E3017|37|24|6|13|6|4|63|6|3|26|13|19|1|1|16|5|6|6|6|6|6|7|5|1|1|0|250|102|84|63|2024|4|25|15|46|36|4|N
30|17|1681|C|1|0|R|375|77|17|288|E3017|63|7|8|17|8|1|52|7|6|16|8|26|1|3|3|1|4|5|1|9|4|2|6|3|0|0|198|83|63|52|2024|4|25|15|37|58|1|N
30|17|1682|B|1|0|R|655|77|17|288|E3017|62|21|7|15|9|11|84|14|9|22|18|35|0|4|13|6|4|6|14|8|14|9|4|3|0|0|330|118|128|84|2024|4|25|15|47|39|1|N
30|17|1796|B|1|0|R|562|86|23|288|E3017|67|0|0|0|0|0|0|0|0|0|0|0|0|0|0|0|0|0|0|0|0|0|0|0|0|0|0|0|0|0|2024|4|25|15|54|7|4|N
30|17|2236|C|1|0|R|407|98|24|288|E3017|75|0|0|0|0|0|0|0|0|0|0|0|0|0|0|0|0|0|0|0|0|0|0|0|0|0|0|0|0|0|2024|4|25|17|0|47|1|N
30|17|3784|C|1|0|U|504|168|24|288|E3017|82|0|0|0|0|0|0|0|0|0|0|0|0|0|0|0|0|0|0|0|0|0|0|0|0|0|0|0|0|0||||||||
30|17|3794|B|1|0|R|581|168|24|288|E3017|83|0|0|0|0|0|0|0|0|0|0|0|0|0|0|0|0|0|0|0|0|0|0|0|0|0|0|0|0|0||||||||
30|17|3861|C|2|0|M|533|173|23|288|E3017|91|0|0|0|0|0|0|0|0|0|0|0|0|0|0|0|0|0|0|0|0|0|0|0|0|0|0|0|0|0||||||||
30|17|3892|C|1|0|R|671|173|23|288|E3017|107|0|0|0|0|0|0|0|0|0|0|0|0|0|0|0|0|0|0|0|0|0|0|0|0|0|0|0|0|0|2024|4|25|16|11|49|4|N
30|17|3906|C|1|0|R|467|173|23|288|E3017|114|0|0|0|0|0|0|0|0|0|0|0|0|0|0|0|0|0|0|0|0|0|0|0|0|0|0|0|0|0|2024|4|25|16|29|40|4|N
30|17|3997|B|1|0|R|407|177|24|288|E3017|129|0|0|0|0|0|0|0|0|0|0|0|0|0|0|0|0|0|0|0|0|0|0|0|0|0|0|0|0|0|2024|4|25|16|16|48|1|N
30|17|4026|C|2|0|R|509|180|17|288|E3017|139|0|0|0|0|0|0|0|0|0|0|0|0|0|0|0|0|0|0|0|0|0|0|0|0|0|0|0|0|0||||||||
30|17|4029|E|1|0|R|315|180|17|288|E3017|141|0|0|0|0|0|0|0|0|0|0|0|0|0|0|0|0|0|0|0|0|0|0|0|0|0|0|0|0|0|2024|4|25|16|44|21|1|N
30|17|4619|C|1|0|U|722|204|23|288|E3017|149|0|0|0|0|0|0|0|0|0|0|0|0|0|0|0|0|0|0|0|0|0|0|0|0|0|0|0|0|0|2024|4|25|16|37|3|1|N
30|17|4642|C|1|0|R|428|204|23|288|E3017|159|0|0|0|0|0|0|0|0|0|0|0|0|0|0|0|0|0|0|0|0|0|0|0|0|0|0|0|0|0|2024|4|25|17|3|49|4|N
30|18|94|E|1|0|M|538|6|21|289|E3018|3|0|0|0|0|0|0|0|0|0|0|0|0|0|0|0|0|0|0|0|0|0|0|0|0|0|0|0|0|0|2024|4|25|15|56|29|1|N
30|18|96|B|1|0|R|479|6|21|289|E3018|1|0|0|0|0|0|0|0|0|0|0|0|0|0|0|0|0|0|0|0|0|0|0|0|0|0|0|0|0|0|2024|4|25|17|42|44|1|N
30|18|1287|B|1|0|M|535|54|23|289|E3018|27|17|7|41|9|9|34|14|8|24|19|19|1|5|3|6|6|6|7|5|2|8|2|0|14|0|266|128|90|34|2024|4|25|15|11|21|1|N
30|18|2238|B|1|0|R|268|99|22|289|E3018|30|0|0|0|0|0|0|0|0|0|0|0|0|0|0|0|0|0|0|0|0|0|0|0|0|0|0|0|0|0|2024|4|25|15|57|10|1|N
30|18|2240|C|2|0|U|561|100|21|289|E3018|31|27|19|34|13|9|45|10|10|17|14|21|1|2|2|6|6|6|6|10|2|6|6|2|11|0|285|133|96|45|2024|4|25|15|2|42|4|N
30|18|2246|E|1|0|R|455|100|21|289|E3018|36|0|0|0|0|0|0|0|0|0|0|0|0|0|0|0|0|0|0|0|0|0|0|0|0|0|0|0|0|0|2024|4|25|17|46|55|1|N
30|18|2581|E|1|0|R|609|111|22|289|E3018|39|24|10|36|13|9|45|7|13|25|25|19|1|6|5|5|11|5|8|5|0|0|0|0|0|0|272|140|87|45|2024|4|25|15|12|11|1|N
30|18|2623|C|1|0|U|490|116|21|289|E3018|44|21|6|27|14|10|39|10|5|9|18|14|1|2|8|7|8|3|8|9|3|8|5|2|4|0|241|96|102|39|2024|4|25|15|19|28|4|N
30|18|2625|C|3|0|M|714|116|21|289|E3018|45|0|0|0|0|0|0|0|0|0|0|0|0|0|0|0|0|0|0|0|0|0|0|0|0|0|0|0|0|0|2024|4|25|16|48|18|1|N
30|18|2629|C|1|0|U|535|116|21|289|E3018|47|30|10|37|6|10|44|7|20|22|18|16|2|3|3|5|7|5|6|6|3|8|4|0|9|0|281|135|93|44|2024|4|25|15|16|58|4|N
30|18|3282|C|1|0|R|415|135|22|289|E3018|72|15|8|33|13|10|39|3|9|13|8|15|0|0|6|5|4|1|6|3|0|7|2|0|6|0|206|92|69|39|2024|4|25|15|18|32|1|N
30|18|3504|E|1|1|M|604|148|22|289|E3018|76|0|0|0|0|0|0|0|0|0|0|0|0|0|0|0|0|0|0|0|0|0|0|0|0|0|0|0|0|0|2024|4|25|15|59|14|1|N
30|18|3700|C|2|0|M|686|159|22|289|E3018|84|0|0|0|0|0|0|0|0|0|0|0|0|0|0|0|0|0|0|0|0|0|0|0|0|0|0|0|0|0|2024|4|25|15|59|6|1|N
30|18|3700|C|4|0|M|686|159|22|289|E3018|84|0|0|0|0|0|0|0|0|0|0|0|0|0|0|0|0|0|0|0|0|0|0|0|0|0|0|0|0|0|2024|4|25|16|1|18|1|N
30|18|3775|B|1|0|R|437|167|22|289|E3018|95|0|0|0|0|0|0|0|0|0|0|0|0|0|0|0|0|0|0|0|0|0|0|0|0|0|0|0|0|0|2024|4|25|16|8|30|1|N
30|18|3834|E|1|1|R|438|172|22|289|E3018|113|0|0|0|0|0|0|0|0|0|0|0|0|0|0|0|0|0|0|0|0|0|0|0|0|0|0|0|0|0|2024|4|25|16|28|4|1|N
30|18|3836|B|1|0|U|580|172|22|289|E3018|101|0|0|0|0|0|0|0|0|0|0|0|0|0|0|0|0|0|0|0|0|0|0|0|0|0|0|0|0|0|2024|4|25|18|2|42|1|N
30|19|345|C|1|0|U|508|16|24|290|E3019|54|0|0|0|0|0|0|0|0|0|0|0|0|0|0|0|0|0|0|0|0|0|0|0|0|0|0|0|0|0|2024|4|25|17|54|9|1|N
30|19|347|B|1|0|R|206|16|24|290|E3019|53|0|0|0|0|0|0|0|0|0|0|0|0|0|0|0|0|0|0|0|0|0|0|0|0|0|0|0|0|0|2024|4|25|18|5|18|1|N
30|19|350|B|1|0|R|473|16|24|290|E3019|58|16|6|8|3|2|1|11|7|17|13|14|1|10|4|8|9|4|10|7|11|7|12|3|3|0|187|75|108|1|2024|4|25|15|12|34|4|N
30|19|352|C|1|0|R|496|16|24|290|E3019|59|0|0|0|0|0|0|0|0|0|0|0|0|0|0|0|0|0|0|0|0|0|0|0|0|0|0|0|0|0|2024|4|25|18|8|26|1|N
30|19|633|C|1|0|U|701|34|25|290|E3019|87|0|0|0|0|0|0|0|0|0|0|0|0|0|0|0|0|0|0|0|0|0|0|0|0|0|0|0|0|0|2024|4|25|16|51|14|4|N
30|19|636|B|1|0|U|596|34|25|290|E3019|88|19|7|6|6|17|78|9|10|20|14|16|3|13|10|11|8|2|14|11|11|9|11|2|1|0|308|85|144|78|2024|4|25|14|0|34|4|N
30|19|652|C|2|0|R|498|34|25|290|E3019|93|10|7|4|7|9|59|12|6|9|13|13|1|9|3|10|10|5|4|8|6|8|4|4|7|0|228|57|105|59|2024|4|25|15|17|25|4|N
30|19|655|C|2|0|R|562|34|25|290|E3019|95|19|7|9|1|9|70|6|9|16|15|17|2|17|8|10|15|8|9|8|11|5|17|1|8|1|298|85|134|70|2024|4|25|15|12|17|4|N
30|19|2379|C|3|0|U|700|105|26|290|E3019|127|0|0|0|0|0|0|0|0|0|0|0|0|0|0|0|0|0|0|0|0|0|0|0|0|0|0|0|0|0|2024|4|25|16|42|54|4|N
30|19|2381|E|1|0|R|504|105|26|290|E3019|133|0|0|0|0|0|0|0|0|0|0|0|0|0|0|0|0|0|0|0|0|0|0|0|0|0|0|0|0|0|2024|4|25|16|27|2|4|N
30|19|3390|E|1|0|M|387|142|25|290|E3019|40|0|0|0|0|0|0|0|0|0|0|0|0|0|0|0|0|0|0|0|0|0|0|0|0|0|0|0|0|0|2024|4|25|17|8|24|4|N
30|19|3398|C|1|0|R|557|142|25|290|E3019|29|21|4|9|3|1|61|6|4|11|20|19|4|11|6|14|14|7|10|7|8|6|5|7|8|0|266|88|109|61|2024|4|25|15|26|47|4|N
30|19|3399|C|1|0|R|555|142|25|290|E3019|30|0|0|0|0|0|0|0|0|0|0|0|0|0|0|0|0|0|0|0|0|0|0|0|0|0|0|0|0|0|2024|4|25|18|14|44|1|N
30|19|3400|B|1|0|R|402|142|25|290|E3019|43|0|0|0|0|0|0|0|0|0|0|0|0|0|0|0|0|0|0|0|0|0|0|0|0|0|0|0|0|0|2024|4|25|16|58|9|4|N
30|19|3451|B|1|0|R|560|144|24|290|E3019|71|0|0|0|0|0|0|0|0|0|0|0|0|0|0|0|0|0|0|0|0|0|0|0|0|0|0|0|0|0|2024|4|25|16|57|25|1|N
30|19|3452|C|1|0|R|642|144|24|290|E3019|71|0|0|0|0|0|0|0|0|0|0|0|0|0|0|0|0|0|0|0|0|0|0|0|0|0|0|0|0|0|2024|4|25|16|52|41|1|N
30|19|3538|B|1|0|R|622|150|26|290|E3019|123|0|0|0|0|0|0|0|0|0|0|0|0|0|0|0|0|0|0|0|0|0|0|0|0|0|0|0|0|0|2024|4|25|16|29|45|1|N
30|19|5000|C|2|0|U|702|150|26|290|E3019|126|0|0|0|0|0|0|0|0|0|0|0|0|0|0|0|0|0|0|0|0|0|0|0|0|0|0|0|0|0|2024|4|25|16|34|51|1|N
