200
ID_ESTADO|ID_DISTRITO_FEDERAL|SECCION|TIPO_CASILLA|ID_CASILLA|EXT_CONTIGUA|TIPO_SECCION|LISTA_NOMINAL|ID_MUNICIPIO|ID_DIST_LOC|ID_ESTRATO|ESTRATO|NUMERO_ARE|PAN|PRI|PRD|PT|PVEM|MC|MORENA|NAM|PES|MAS|PROGRESA|RSP|PAN_PRI_PRD_RSP_M|PAN_PRI_PRD_RSP_N|PAN_PRI_PRD_RSP_O|PAN_PRI_PRD_RSP_P|PAN_PRI_PRD_RSP_Q|PAN_PRI_PRD_RSP_R|PAN_PRI_PRD_RSP_S|PAN_PRI_PRD_RSP_T|PAN_PRI_PRD_RSP_U|PAN_PRI_PRD_RSP_V|PAN_PRI_PRD_RSP_W|PT_PVEM_MORENA_NAM_MAS_PES_X|PT_PVEM_MORENA_NAM_MAS_PES_Y|PT_PVEM_MORENA_NAM_MAS_PES_Z|PT_PVEM_MORENA_NAM_MAS_PES_AA|PT_PVEM_MORENA_NAM_MAS_PES_AB|PT_PVEM_MORENA_NAM_MAS_PES_AC|PT_PVEM_MORENA_NAM_MAS_PES_AD|PT_PVEM_MORENA_NAM_MAS_PES_AE|PT_PVEM_MORENA_NAM_MAS_PES_AF|PT_PVEM_MORENA_NAM_MAS_PES_AG|PT_PVEM_MORENA_NAM_MAS_PES_AH|PT_PVEM_MORENA_NAM_MAS_PES_AI|PT_PVEM_MORENA_NAM_MAS_PES_AJ|PT_PVEM_MORENA_NAM_MAS_PES_AK|PT_PVEM_MORENA_NAM_MAS_PES_AL|PT_PVEM_MORENA_NAM_MAS_PES_AM|PT_PVEM_MORENA_NAM_MAS_PES_AN|PT_PVEM_MORENA_NAM_MAS_PES_AO|PT_PVEM_MORENA_NAM_MAS_PES_AP|PT_PVEM_MORENA_NAM_MAS_PES_AQ|PT_PVEM_MORENA_NAM_MAS_PES_AR|PT_PVEM_MORENA_NAM_MAS_PES_AS|PT_PVEM_MORENA_NAM_MAS_PES_AT|PT_PVEM_MORENA_NAM_MAS_PES_AU|PT_PVEM_MORENA_NAM_MAS_PES_AV|MC_PROGRESA|CNR|NULOS|TOTAL|LVMG|MGSC|JMGOD|ANIO|MES|DIA|HORA|MINUTOS|SEGUNDOS|ORIGEN_CAPTURA|MODIFICADO
17|1|189|C|1|0|U|574|7|1|176|E1701|3|0|0|0|0|0|0|0|0|0|0|0|0|0|0|0|0|0|0|0|0|0|0|0|0|0|0|0|0|0|0|0|0|0|0|0|0|0|0|0|0|0|0|0|0|0|0|0|0|0|0|0|0|0|0|0||||||||
17|1|191|C|1|0|U|713|7|2|176|E1701|5|0|0|0|0|0|0|0|0|0|0|0|0|0|0|0|0|0|0|0|0|0|0|0|0|0|0|0|0|0|0|0|0|0|0|0|0|0|0|0|0|0|0|0|0|0|0|0|0|0|0|0|0|0|0|0||||||||
17|1|197|C|1|0|U|656|7|2|176|E1701|12|0|0|0|0|0|0|0|0|0|0|0|0|0|0|0|0|0|0|0|0|0|0|0|0|0|0|0|0|0|0|0|0|0|0|0|0|0|0|0|0|0|0|0|0|0|0|0|0|0|0|0|0|0|0|0||||||||
17|1|200|C|2|0|U|586|7|2|176|E1701|16|0|0|0|0|0|0|0|0|0|0|0|0|0|0|0|0|0|0|0|0|0|0|0|0|0|0|0|0|0|0|0|0|0|0|0|0|0|0|0|0|0|0|0|0|0|0|0|0|0|0|0|0|0|0|0||||||||
17|1|202|C|3|0|U|568|7|2|176|E1701|18|0|0|0|0|0|0|0|0|0|0|0|0|0|0|0|0|0|0|0|0|0|0|0|0|0|0|0|0|0|0|0|0|0|0|0|0|0|0|0|0|0|0|0|0|0|0|0|0|0|0|0|0|0|0|0||||||||
17|1|205|C|2|0|U|718|7|1|176|E1701|21|0|0|0|0|0|0|0|0|0|0|0|0|0|0|0|0|0|0|0|0|0|0|0|0|0|0|0|0|0|0|0|0|0|0|0|0|0|0|0|0|0|0|0|0|0|0|0|0|0|0|0|0|0|0|0||||||||
17|1|212|B|1|0|U|502|7|1|176|E1701|26|9|11|10|6|6|20|5|3|6|5|16|7|9|5|10|11|10|12|14|8|11|13|9|2|3|1|5|7|7|2|5|6|8|5|5|6|2|4|5|6|4|6|2|8|6|9|3|7|4|0|10|354|149|159|36|2024|4|25|14|17|12|4|N
17|1|212|C|2|0|U|501|7|1|176|E1701|26|0|0|0|0|0|0|0|0|0|0|0|0|0|0|0|0|0|0|0|0|0|0|0|0|0|0|0|0|0|0|0|0|0|0|0|0|0|0|0|0|0|0|0|0|0|0|0|0|0|0|0|0|0|0|0||||||||
17|1|215|C|1|0|U|740|7|2|176|E1701|29|11|9|7|10|4|21|9|3|5|11|15|16|15|23|20|14|9|14|12|8|9|19|3|4|14|4|11|6|10|4|8|4|7|6|6|4|9|9|8|10|6|9|5|7|4|8|9|9|14|4|5|471|189|237|36|2024|4|25|15|2|22|4|N
17|1|219|C|2|0|U|660|7|2|176|E1701|31|0|0|0|0|0|0|0|0|0|0|0|0|0|0|0|0|0|0|0|0|0|0|0|0|0|0|0|0|0|0|0|0|0|0|0|0|0|0|0|0|0|0|0|0|0|0|0|0|0|0|0|0|0|0|0||||||||
17|1|220|C|1|0|U|573|7|2|176|E1701|32|0|0|0|0|0|0|0|0|0|0|0|0|0|0|0|0|0|0|0|0|0|0|0|0|0|0|0|0|0|0|0|0|0|0|0|0|0|0|0|0|0|0|0|0|0|0|0|0|0|0|0|0|0|0|0||||||||
17|1|220|E|1|2|U|740|7|2|176|E1701|33|0|0|0|0|0|0|0|0|0|0|0|0|0|0|0|0|0|0|0|0|0|0|0|0|0|0|0|0|0|0|0|0|0|0|0|0|0|0|0|0|0|0|0|0|0|0|0|0|0|0|0|0|0|0|0||||||||
17|1|222|E|1|0|U|736|7|2|176|E1701|37|0|0|0|0|0|0|0|0|0|0|0|0|0|0|0|0|0|0|0|0|0|0|0|0|0|0|0|0|0|0|0|0|0|0|0|0|0|0|0|0|0|0|0|0|0|0|0|0|0|0|0|0|0|0|0||||||||
17|1|222|E|1|2|U|736|7|2|176|E1701|37|0|0|0|0|0|0|0|0|0|0|0|0|0|0|0|0|0|0|0|0|0|0|0|0|0|0|0|0|0|0|0|0|0|0|0|0|0|0|0|0|0|0|0|0|0|0|0|0|0|0|0|0|0|0|0||||||||
17|1|225|C|1|0|U|554|7|2|176|E1701|40|0|0|0|0|0|0|0|0|0|0|0|0|0|0|0|0|0|0|0|0|0|0|0|0|0|0|0|0|0|0|0|0|0|0|0|0|0|0|0|0|0|0|0|0|0|0|0|0|0|0|0|0|0|0|0||||||||
17|1|228|B|1|0|U|470|7|2|176|E1701|41|0|0|0|0|0|0|0|0|0|0|0|0|0|0|0|0|0|0|0|0|0|0|0|0|0|0|0|0|0|0|0|0|0|0|0|0|0|0|0|0|0|0|0|0|0|0|0|0|0|0|0|0|0|0|0||||||||
17|1|228|C|1|0|U|470|7|2|176|E1701|41|0|0|0|0|0|0|0|0|0|0|0|0|0|0|0|0|0|0|0|0|0|0|0|0|0|0|0|0|0|0|0|0|0|0|0|0|0|0|0|0|0|0|0|0|0|0|0|0|0|0|0|0|0|0|0||||||||
17|1|230|C|2|0|U|585|7|2|176|E1701|42|0|0|0|0|0|0|0|0|0|0|0|0|0|0|0|0|0|0|0|0|0|0|0|0|0|0|0|0|0|0|0|0|0|0|0|0|0|0|0|0|0|0|0|0|0|0|0|0|0|0|0|0|0|0|0||||||||
17|1|233|B|1|0|U|462|7|2|176|E1701|43|0|0|0|0|0|0|0|0|0|0|0|0|0|0|0|0|0|0|0|0|0|0|0|0|0|0|0|0|0|0|0|0|0|0|0|0|0|0|0|0|0|0|0|0|0|0|0|0|0|0|0|0|0|0|0||||||||
17|1|241|C|1|0|U|551|7|1|176|E1701|47|0|0|0|0|0|0|0|0|0|0|0|0|0|0|0|0|0|0|0|0|0|0|0|0|0|0|0|0|0|0|0|0|0|0|0|0|0|0|0|0|0|0|0|0|0|0|0|0|0|0|0|0|0|0|0||||||||
17|1|245|B|1|0|U|451|7|1|176|E1701|49|0|0|0|0|0|0|0|0|0|0|0|0|0|0|0|0|0|0|0|0|0|0|0|0|0|0|0|0|0|0|0|0|0|0|0|0|0|0|0|0|0|0|0|0|0|0|0|0|0|0|0|0|0|0|0||||||||
17|1|251|B|1|0|U|423|7|2|176|E1701|52|0|0|0|0|0|0|0|0|0|0|0|0|0|0|0|0|0|0|0|0|0|0|0|0|0|0|0|0|0|0|0|0|0|0|0|0|0|0|0|0|0|0|0|0|0|0|0|0|0|0|0|0|0|0|0||||||||
17|1|253|B|1|0|U|562|7|2|176|E1701|53|0|0|0|0|0|0|0|0|0|0|0|0|0|0|0|0|0|0|0|0|0|0|0|0|0|0|0|0|0|0|0|0|0|0|0|0|0|0|0|0|0|0|0|0|0|0|0|0|0|0|0|0|0|0|0||||||||
17|1|255|C|3|0|U|567|7|2|176|E1701|55|0|0|0|0|0|0|0|0|0|0|0|0|0|0|0|0|0|0|0|0|0|0|0|0|0|0|0|0|0|0|0|0|0|0|0|0|0|0|0|0|0|0|0|0|0|0|0|0|0|0|0|0|0|0|0||||||||
17|1|264|B|1|0|U|411|7|2|176|E1701|62|0|0|0|0|0|0|0|0|0|0|0|0|0|0|0|0|0|0|0|0|0|0|0|0|0|0|0|0|0|0|0|0|0|0|0|0|0|0|0|0|0|0|0|0|0|0|0|0|0|0|0|0|0|0|0||||||||
17|1|282|B|1|0|U|547|7|2|176|E1701|60|0|0|0|0|0|0|0|0|0|0|0|0|0|0|0|0|0|0|0|0|0|0|0|0|0|0|0|0|0|0|0|0|0|0|0|0|0|0|0|0|0|0|0|0|0|0|0|0|0|0|0|0|0|0|0||||||||
17|1|297|B|1|0|U|448|7|1|176|E1701|77|0|0|0|0|0|0|0|0|0|0|0|0|0|0|0|0|0|0|0|0|0|0|0|0|0|0|0|0|0|0|0|0|0|0|0|0|0|0|0|0|0|0|0|0|0|0|0|0|0|0|0|0|0|0|0||||||||
17|1|311|C|1|0|U|692|7|2|176|E1701|87|0|0|0|0|0|0|0|0|0|0|0|0|0|0|0|0|0|0|0|0|0|0|0|0|0|0|0|0|0|0|0|0|0|0|0|0|0|0|0|0|0|0|0|0|0|0|0|0|0|0|0|0|0|0|0||||||||
17|1|317|C|1|0|U|585|7|1|176|E1701|90|0|0|0|0|0|0|0|0|0|0|0|0|0|0|0|0|0|0|0|0|0|0|0|0|0|0|0|0|0|0|0|0|0|0|0|0|0|0|0|0|0|0|0|0|0|0|0|0|0|0|0|0|0|0|0||||||||
17|1|322|B|1|0|U|645|7|1|176|E1701|94|0|0|0|0|0|0|0|0|0|0|0|0|0|0|0|0|0|0|0|0|0|0|0|0|0|0|0|0|0|0|0|0|0|0|0|0|0|0|0|0|0|0|0|0|0|0|0|0|0|0|0|0|0|0|0||||||||
17|1|325|B|1|0|U|403|7|1|176|E1701|95|0|0|0|0|0|0|0|0|0|0|0|0|0|0|0|0|0|0|0|0|0|0|0|0|0|0|0|0|0|0|0|0|0|0|0|0|0|0|0|0|0|0|0|0|0|0|0|0|0|0|0|0|0|0|0||||||||
17|1|330|S|1|0|U|0|7|1|176|E1701|97|0|0|0|0|0|0|0|0|0|0|0|0|0|0|0|0|0|0|0|0|0|0|0|0|0|0|0|0|0|0|0|0|0|0|0|0|0|0|0|0|0|0|0|0|0|0|0|0|0|0|0|0|0|0|0||||||||
17|1|336|C|1|0|U|622|7|2|176|E1701|101|0|0|0|0|0|0|0|0|0|0|0|0|0|0|0|0|0|0|0|0|0|0|0|0|0|0|0|0|0|0|0|0|0|0|0|0|0|0|0|0|0|0|0|0|0|0|0|0|0|0|0|0|0|0|0||||||||
17|1|353|C|1|0|U|430|7|1|176|E1701|110|0|0|0|0|0|0|0|0|0|0|0|0|0|0|0|0|0|0|0|0|0|0|0|0|0|0|0|0|0|0|0|0|0|0|0|0|0|0|0|0|0|0|0|0|0|0|0|0|0|0|0|0|0|0|0||||||||
17|1|355|E|1|1|U|628|7|1|176|E1701|111|0|0|0|0|0|0|0|0|0|0|0|0|0|0|0|0|0|0|0|0|0|0|0|0|0|0|0|0|0|0|0|0|0|0|0|0|0|0|0|0|0|0|0|0|0|0|0|0|0|0|0|0|0|0|0||||||||
17|1|356|B|1|0|U|543|7|1|176|E1701|106|0|0|0|0|0|0|0|0|0|0|0|0|0|0|0|0|0|0|0|0|0|0|0|0|0|0|0|0|0|0|0|0|0|0|0|0|0|0|0|0|0|0|0|0|0|0|0|0|0|0|0|0|0|0|0||||||||
17|1|358|B|1|0|U|462|7|1|176|E1701|112|0|0|0|0|0|0|0|0|0|0|0|0|0|0|0|0|0|0|0|0|0|0|0|0|0|0|0|0|0|0|0|0|0|0|0|0|0|0|0|0|0|0|0|0|0|0|0|0|0|0|0|0|0|0|0||||||||
17|1|367|C|1|0|U|526|7|1|176|E1701|118|0|0|0|0|0|0|0|0|0|0|0|0|0|0|0|0|0|0|0|0|0|0|0|0|0|0|0|0|0|0|0|0|0|0|0|0|0|0|0|0|0|0|0|0|0|0|0|0|0|0|0|0|0|0|0||||||||
17|1|382|B|1|0|U|649|7|1|176|E1701|124|0|0|0|0|0|0|0|0|0|0|0|0|0|0|0|0|0|0|0|0|0|0|0|0|0|0|0|0|0|0|0|0|0|0|0|0|0|0|0|0|0|0|0|0|0|0|0|0|0|0|0|0|0|0|0||||||||
17|1|612|B|1|0|U|519|7|1|176|E1701|128|0|0|0|0|0|0|0|0|0|0|0|0|0|0|0|0|0|0|0|0|0|0|0|0|0|0|0|0|0|0|0|0|0|0|0|0|0|0|0|0|0|0|0|0|0|0|0|0|0|0|0|0|0|0|0||||||||
17|1|909|B|1|0|U|714|7|1|176|E1701|129|0|0|0|0|0|0|0|0|0|0|0|0|0|0|0|0|0|0|0|0|0|0|0|0|0|0|0|0|0|0|0|0|0|0|0|0|0|0|0|0|0|0|0|0|0|0|0|0|0|0|0|0|0|0|0||||||||
17|1|940|C|1|0|U|605|7|1|176|E1701|133|0|0|0|0|0|0|0|0|0|0|0|0|0|0|0|0|0|0|0|0|0|0|0|0|0|0|0|0|0|0|0|0|0|0|0|0|0|0|0|0|0|0|0|0|0|0|0|0|0|0|0|0|0|0|0||||||||
17|2|387|C|1|0|U|650|7|5|177|E1702|1|0|0|0|0|0|0|0|0|0|0|0|0|0|0|0|0|0|0|0|0|0|0|0|0|0|0|0|0|0|0|0|0|0|0|0|0|0|0|0|0|0|0|0|0|0|0|0|0|0|0|0|0|0|0|0||||||||
17|2|387|C|4|0|U|650|7|5|177|E1702|1|0|0|0|0|0|0|0|0|0|0|0|0|0|0|0|0|0|0|0|0|0|0|0|0|0|0|0|0|0|0|0|0|0|0|0|0|0|0|0|0|0|0|0|0|0|0|0|0|0|0|0|0|0|0|0||||||||
17|2|399|C|3|0|M|646|8|9|177|E1702|47|0|0|0|0|0|0|0|0|0|0|0|0|0|0|0|0|0|0|0|0|0|0|0|0|0|0|0|0|0|0|0|0|0|0|0|0|0|0|0|0|0|0|0|0|0|0|0|0|0|0|0|0|0|0|0||||||||
17|2|403|C|1|0|U|750|8|9|177|E1702|48|0|0|0|0|0|0|0|0|0|0|0|0|0|0|0|0|0|0|0|0|0|0|0|0|0|0|0|0|0|0|0|0|0|0|0|0|0|0|0|0|0|0|0|0|0|0|0|0|0|0|0|0|0|0|0||||||||
17|2|403|C|4|0|U|749|8|9|177|E1702|49|0|0|0|0|0|0|0|0|0|0|0|0|0|0|0|0|0|0|0|0|0|0|0|0|0|0|0|0|0|0|0|0|0|0|0|0|0|0|0|0|0|0|0|0|0|0|0|0|0|0|0|0|0|0|0||||||||
17|2|411|C|3|0|U|739|8|9|177|E1702|45|0|0|0|0|0|0|0|0|0|0|0|0|0|0|0|0|0|0|0|0|0|0|0|0|0|0|0|0|0|0|0|0|0|0|0|0|0|0|0|0|0|0|0|0|0|0|0|0|0|0|0|0|0|0|0||||||||
17|2|436|C|1|0|U|663|11|6|177|E1702|135|0|0|0|0|0|0|0|0|0|0|0|0|0|0|0|0|0|0|0|0|0|0|0|0|0|0|0|0|0|0|0|0|0|0|0|0|0|0|0|0|0|0|0|0|0|0|0|0|0|0|0|0|0|0|0||||||||
17|2|445|B|1|0|U|632|11|6|177|E1702|129|0|0|0|0|0|0|0|0|0|0|0|0|0|0|0|0|0|0|0|0|0|0|0|0|0|0|0|0|0|0|0|0|0|0|0|0|0|0|0|0|0|0|0|0|0|0|0|0|0|0|0|0|0|0|0||||||||
17|2|445|C|3|0|U|631|11|6|177|E1702|129|0|0|0|0|0|0|0|0|0|0|0|0|0|0|0|0|0|0|0|0|0|0|0|0|0|0|0|0|0|0|0|0|0|0|0|0|0|0|0|0|0|0|0|0|0|0|0|0|0|0|0|0|0|0|0||||||||
17|2|448|B|1|0|U|716|11|6|177|E1702|106|0|0|0|0|0|0|0|0|0|0|0|0|0|0|0|0|0|0|0|0|0|0|0|0|0|0|0|0|0|0|0|0|0|0|0|0|0|0|0|0|0|0|0|0|0|0|0|0|0|0|0|0|0|0|0||||||||
17|2|448|C|1|0|U|716|11|6|177|E1702|106|0|0|0|0|0|0|0|0|0|0|0|0|0|0|0|0|0|0|0|0|0|0|0|0|0|0|0|0|0|0|0|0|0|0|0|0|0|0|0|0|0|0|0|0|0|0|0|0|0|0|0|0|0|0|0||||||||
17|2|454|C|2|0|U|659|11|6|177|E1702|112|0|0|0|0|0|0|0|0|0|0|0|0|0|0|0|0|0|0|0|0|0|0|0|0|0|0|0|0|0|0|0|0|0|0|0|0|0|0|0|0|0|0|0|0|0|0|0|0|0|0|0|0|0|0|0||||||||
17|2|455|C|3|0|U|732|11|6|177|E1702|120|0|0|0|0|0|0|0|0|0|0|0|0|0|0|0|0|0|0|0|0|0|0|0|0|0|0|0|0|0|0|0|0|0|0|0|0|0|0|0|0|0|0|0|0|0|0|0|0|0|0|0|0|0|0|0||||||||
17|2|456|C|4|0|U|692|11|12|177|E1702|88|0|0|0|0|0|0|0|0|0|0|0|0|0|0|0|0|0|0|0|0|0|0|0|0|0|0|0|0|0|0|0|0|0|0|0|0|0|0|0|0|0|0|0|0|0|0|0|0|0|0|0|0|0|0|0||||||||
17|2|466|C|1|0|U|448|11|6|177|E1702|94|0|0|0|0|0|0|0|0|0|0|0|0|0|0|0|0|0|0|0|0|0|0|0|0|0|0|0|0|0|0|0|0|0|0|0|0|0|0|0|0|0|0|0|0|0|0|0|0|0|0|0|0|0|0|0||||||||
17|2|468|B|1|0|U|671|11|6|177|E1702|95|0|0|0|0|0|0|0|0|0|0|0|0|0|0|0|0|0|0|0|0|0|0|0|0|0|0|0|0|0|0|0|0|0|0|0|0|0|0|0|0|0|0|0|0|0|0|0|0|0|0|0|0|0|0|0||||||||
17|2|468|C|5|0|U|670|11|6|177|E1702|95|0|0|0|0|0|0|0|0|0|0|0|0|0|0|0|0|0|0|0|0|0|0|0|0|0|0|0|0|0|0|0|0|0|0|0|0|0|0|0|0|0|0|0|0|0|0|0|0|0|0|0|0|0|0|0||||||||
17|2|469|B|1|0|U|681|11|6|177|E1702|110|0|0|0|0|0|0|0|0|0|0|0|0|0|0|0|0|0|0|0|0|0|0|0|0|0|0|0|0|0|0|0|0|0|0|0|0|0|0|0|0|0|0|0|0|0|0|0|0|0|0|0|0|0|0|0||||||||
17|2|481|B|1|0|U|659|11|6|177|E1702|103|0|0|0|0|0|0|0|0|0|0|0|0|0|0|0|0|0|0|0|0|0|0|0|0|0|0|0|0|0|0|0|0|0|0|0|0|0|0|0|0|0|0|0|0|0|0|0|0|0|0|0|0|0|0|0||||||||
17|2|494|C|1|0|U|518|11|12|177|E1702|93|0|0|0|0|0|0|0|0|0|0|0|0|0|0|0|0|0|0|0|0|0|0|0|0|0|0|0|0|0|0|0|0|0|0|0|0|0|0|0|0|0|0|0|0|0|0|0|0|0|0|0|0|0|0|0||||||||
17|2|496|C|4|0|U|707|11|12|177|E1702|71|0|0|0|0|0|0|0|0|0|0|0|0|0|0|0|0|0|0|0|0|0|0|0|0|0|0|0|0|0|0|0|0|0|0|0|0|0|0|0|0|0|0|0|0|0|0|0|0|0|0|0|0|0|0|0||||||||
17|2|497|C|2|0|M|741|11|12|177|E1702|72|0|0|0|0|0|0|0|0|0|0|0|0|0|0|0|0|0|0|0|0|0|0|0|0|0|0|0|0|0|0|0|0|0|0|0|0|0|0|0|0|0|0|0|0|0|0|0|0|0|0|0|0|0|0|0||||||||
17|2|498|B|1|0|U|615|11|12|177|E1702|73|0|0|0|0|0|0|0|0|0|0|0|0|0|0|0|0|0|0|0|0|0|0|0|0|0|0|0|0|0|0|0|0|0|0|0|0|0|0|0|0|0|0|0|0|0|0|0|0|0|0|0|0|0|0|0||||||||
17|2|613|C|1|0|U|547|18|5|177|E1702|13|0|0|0|0|0|0|0|0|0|0|0|0|0|0|0|0|0|0|0|0|0|0|0|0|0|0|0|0|0|0|0|0|0|0|0|0|0|0|0|0|0|0|0|0|0|0|0|0|0|0|0|0|0|0|0||||||||
17|2|623|C|1|0|U|718|18|5|177|E1702|11|0|0|0|0|0|0|0|0|0|0|0|0|0|0|0|0|0|0|0|0|0|0|0|0|0|0|0|0|0|0|0|0|0|0|0|0|0|0|0|0|0|0|0|0|0|0|0|0|0|0|0|0|0|0|0||||||||
17|2|624|B|1|0|U|681|18|5|177|E1702|19|0|0|0|0|0|0|0|0|0|0|0|0|0|0|0|0|0|0|0|0|0|0|0|0|0|0|0|0|0|0|0|0|0|0|0|0|0|0|0|0|0|0|0|0|0|0|0|0|0|0|0|0|0|0|0||||||||
17|2|625|C|1|0|U|670|18|5|177|E1702|18|0|0|0|0|0|0|0|0|0|0|0|0|0|0|0|0|0|0|0|0|0|0|0|0|0|0|0|0|0|0|0|0|0|0|0|0|0|0|0|0|0|0|0|0|0|0|0|0|0|0|0|0|0|0|0||||||||
17|2|636|C|1|0|U|624|18|5|177|E1702|27|6|8|13|5|4|11|3|9|5|3|12|11|6|15|11|6|7|13|6|11|10|5|11|10|7|14|5|5|7|7|5|2|8|4|8|7|7|7|5|9|4|3|8|3|5|6|7|7|15|8|5|379|139|204|23|2024|4|25|15|3|23|4|N
17|2|637|B|1|0|U|716|18|5|177|E1702|27|0|0|0|0|0|0|0|0|0|0|0|0|0|0|0|0|0|0|0|0|0|0|0|0|0|0|0|0|0|0|0|0|0|0|0|0|0|0|0|0|0|0|0|0|0|0|0|0|0|0|0|0|0|0|0||||||||
17|2|648|B|1|0|U|686|18|5|177|E1702|30|0|0|0|0|0|0|0|0|0|0|0|0|0|0|0|0|0|0|0|0|0|0|0|0|0|0|0|0|0|0|0|0|0|0|0|0|0|0|0|0|0|0|0|0|0|0|0|0|0|0|0|0|0|0|0||||||||
17|2|911|C|2|0|U|606|11|12|177|E1702|87|0|0|0|0|0|0|0|0|0|0|0|0|0|0|0|0|0|0|0|0|0|0|0|0|0|0|0|0|0|0|0|0|0|0|0|0|0|0|0|0|0|0|0|0|0|0|0|0|0|0|0|0|0|0|0||||||||
17|2|913|C|1|0|U|679|11|12|177|E1702|84|0|0|0|0|0|0|0|0|0|0|0|0|0|0|0|0|0|0|0|0|0|0|0|0|0|0|0|0|0|0|0|0|0|0|0|0|0|0|0|0|0|0|0|0|0|0|0|0|0|0|0|0|0|0|0||||||||
17|2|916|C|2|0|R|584|18|5|177|E1702|40|0|0|0|0|0|0|0|0|0|0|0|0|0|0|0|0|0|0|0|0|0|0|0|0|0|0|0|0|0|0|0|0|0|0|0|0|0|0|0|0|0|0|0|0|0|0|0|0|0|0|0|0|0|0|0||||||||
17|2|920|C|1|0|U|578|18|5|177|E1702|2|0|0|0|0|0|0|0|0|0|0|0|0|0|0|0|0|0|0|0|0|0|0|0|0|0|0|0|0|0|0|0|0|0|0|0|0|0|0|0|0|0|0|0|0|0|0|0|0|0|0|0|0|0|0|0||||||||
17|2|930|B|1|0|U|575|11|6|177|E1702|75|0|0|0|0|0|0|0|0|0|0|0|0|0|0|0|0|0|0|0|0|0|0|0|0|0|0|0|0|0|0|0|0|0|0|0|0|0|0|0|0|0|0|0|0|0|0|0|0|0|0|0|0|0|0|0||||||||
17|2|932|C|2|0|U|709|11|6|177|E1702|80|0|0|0|0|0|0|0|0|0|0|0|0|0|0|0|0|0|0|0|0|0|0|0|0|0|0|0|0|0|0|0|0|0|0|0|0|0|0|0|0|0|0|0|0|0|0|0|0|0|0|0|0|0|0|0||||||||
17|2|944|C|1|0|U|605|8|9|177|E1702|68|0|0|0|0|0|0|0|0|0|0|0|0|0|0|0|0|0|0|0|0|0|0|0|0|0|0|0|0|0|0|0|0|0|0|0|0|0|0|0|0|0|0|0|0|0|0|0|0|0|0|0|0|0|0|0||||||||
17|2|945|C|1|0|R|715|8|9|177|E1702|59|0|0|0|0|0|0|0|0|0|0|0|0|0|0|0|0|0|0|0|0|0|0|0|0|0|0|0|0|0|0|0|0|0|0|0|0|0|0|0|0|0|0|0|0|0|0|0|0|0|0|0|0|0|0|0||||||||
17|2|946|C|1|0|U|619|8|9|177|E1702|59|0|0|0|0|0|0|0|0|0|0|0|0|0|0|0|0|0|0|0|0|0|0|0|0|0|0|0|0|0|0|0|0|0|0|0|0|0|0|0|0|0|0|0|0|0|0|0|0|0|0|0|0|0|0|0||||||||
17|2|948|B|1|0|M|601|18|5|177|E1702|37|0|0|0|0|0|0|0|0|0|0|0|0|0|0|0|0|0|0|0|0|0|0|0|0|0|0|0|0|0|0|0|0|0|0|0|0|0|0|0|0|0|0|0|0|0|0|0|0|0|0|0|0|0|0|0||||||||
17|2|948|C|1|0|M|600|18|5|177|E1702|37|0|0|0|0|0|0|0|0|0|0|0|0|0|0|0|0|0|0|0|0|0|0|0|0|0|0|0|0|0|0|0|0|0|0|0|0|0|0|0|0|0|0|0|0|0|0|0|0|0|0|0|0|0|0|0||||||||
17|2|960|S|2|0|U|0|18|5|177|E1702|25|0|0|0|0|0|0|0|0|0|0|0|0|0|0|0|0|0|0|0|0|0|0|0|0|0|0|0|0|0|0|0|0|0|0|0|0|0|0|0|0|0|0|0|0|0|0|0|0|0|0|0|0|0|0|0||||||||
17|3|24|C|1|0|U|678|3|4|178|E1703|5|0|0|0|0|0|0|0|0|0|0|0|0|0|0|0|0|0|0|0|0|0|0|0|0|0|0|0|0|0|0|0|0|0|0|0|0|0|0|0|0|0|0|0|0|0|0|0|0|0|0|0|0|0|0|0||||||||
17|3|47|C|1|0|U|552|4|10|178|E1703|43|7|7|6|8|5|17|2|5|7|3|8|10|7|10|8|5|7|6|8|8|6|6|7|6|9|11|9|10|8|8|10|5|12|7|15|6|7|6|5|7|5|12|12|2|10|8|4|8|16|0|6|387|108|248|25|2024|4|25|14|16|23|4|N
17|3|48|C|2|0|U|606|4|10|178|E1703|47|14|10|10|13|12|11|8|8|7|9|11|9|6|5|8|14|7|10|6|12|4|9|10|6|7|6|9|5|3|10|9|10|6|9|8|7|8|8|5|8|9|6|11|5|8|9|4|17|10|4|3|423|134|260|22|2024|4|25|14|4|42|4|N
17|3|51|C|1|0|U|495|4|10|178|E1703|38|0|0|0|0|0|0|0|0|0|0|0|0|0|0|0|0|0|0|0|0|0|0|0|0|0|0|0|0|0|0|0|0|0|0|0|0|0|0|0|0|0|0|0|0|0|0|0|0|0|0|0|0|0|0|0||||||||
17|3|61|E|1|0|M|564|4|10|178|E1703|33|0|0|0|0|0|0|0|0|0|0|0|0|0|0|0|0|0|0|0|0|0|0|0|0|0|0|0|0|0|0|0|0|0|0|0|0|0|0|0|0|0|0|0|0|0|0|0|0|0|0|0|0|0|0|0||||||||
17|3|66|B|1|0|U|522|4|10|178|E1703|26|0|0|0|0|0|0|0|0|0|0|0|0|0|0|0|0|0|0|0|0|0|0|0|0|0|0|0|0|0|0|0|0|0|0|0|0|0|0|0|0|0|0|0|0|0|0|0|0|0|0|0|0|0|0|0||||||||
17|3|69|C|1|0|M|619|4|10|178|E1703|26|0|0|0|0|0|0|0|0|0|0|0|0|0|0|0|0|0|0|0|0|0|0|0|0|0|0|0|0|0|0|0|0|0|0|0|0|0|0|0|0|0|0|0|0|0|0|0|0|0|0|0|0|0|0|0||||||||
17|3|78|B|1|0|R|238|4|10|178|E1703|30|0|0|0|0|0|0|0|0|0|0|0|0|0|0|0|0|0|0|0|0|0|0|0|0|0|0|0|0|0|0|0|0|0|0|0|0|0|0|0|0|0|0|0|0|0|0|0|0|0|0|0|0|0|0|0||||||||
17|3|79|B|1|0|R|471|4|10|178|E1703|24|0|0|0|0|0|0|0|0|0|0|0|0|0|0|0|0|0|0|0|0|0|0|0|0|0|0|0|0|0|0|0|0|0|0|0|0|0|0|0|0|0|0|0|0|0|0|0|0|0|0|0|0|0|0|0||||||||
17|3|84|C|1|0|U|502|4|10|178|E1703|22|0|0|0|0|0|0|0|0|0|0|0|0|0|0|0|0|0|0|0|0|0|0|0|0|0|0|0|0|0|0|0|0|0|0|0|0|0|0|0|0|0|0|0|0|0|0|0|0|0|0|0|0|0|0|0||||||||
17|3|97|C|2|0|U|647|6|7|178|E1703|66|13|6|9|11|9|21|7|6|11|5|18|15|10|9|9|5|10|8|14|0|0|13|9|8|10|7|8|3|9|9|9|7|6|8|6|4|10|10|12|5|12|9|9|7|4|8|11|6|20|0|2|437|130|266|39|2024|4|25|14|12|49|4|N
17|3|97|E|1|1|U|695|6|7|178|E1703|67|0|0|0|0|0|0|0|0|0|0|0|0|0|0|0|0|0|0|0|0|0|0|0|0|0|0|0|0|0|0|0|0|0|0|0|0|0|0|0|0|0|0|0|0|0|0|0|0|0|0|0|0|0|0|0||||||||
17|3|106|B|1|0|U|610|6|7|178|E1703|73|0|0|0|0|0|0|0|0|0|0|0|0|0|0|0|0|0|0|0|0|0|0|0|0|0|0|0|0|0|0|0|0|0|0|0|0|0|0|0|0|0|0|0|0|0|0|0|0|0|0|0|0|0|0|0||||||||
17|3|108|C|1|0|U|597|6|7|178|E1703|75|0|0|0|0|0|0|0|0|0|0|0|0|0|0|0|0|0|0|0|0|0|0|0|0|0|0|0|0|0|0|0|0|0|0|0|0|0|0|0|0|0|0|0|0|0|0|0|0|0|0|0|0|0|0|0||||||||
17|3|109|C|2|0|U|646|6|7|178|E1703|76|0|0|0|0|0|0|0|0|0|0|0|0|0|0|0|0|0|0|0|0|0|0|0|0|0|0|0|0|0|0|0|0|0|0|0|0|0|0|0|0|0|0|0|0|0|0|0|0|0|0|0|0|0|0|0||||||||
17|3|114|C|3|0|U|633|6|7|178|E1703|81|0|0|0|0|0|0|0|0|0|0|0|0|0|0|0|0|0|0|0|0|0|0|0|0|0|0|0|0|0|0|0|0|0|0|0|0|0|0|0|0|0|0|0|0|0|0|0|0|0|0|0|0|0|0|0||||||||
17|3|117|B|1|0|U|523|6|7|178|E1703|74|10|16|8|6|6|4|8|6|4|6|3|11|20|11|14|14|11|11|8|10|10|8|11|7|1|5|12|8|3|3|9|7|5|5|8|3|9|6|6|5|3|4|7|5|5|5|1|8|0|1|12|369|173|176|7|2024|4|25|15|8|19|4|N
17|3|118|B|1|0|U|509|6|7|178|E1703|89|0|0|0|0|0|0|0|0|0|0|0|0|0|0|0|0|0|0|0|0|0|0|0|0|0|0|0|0|0|0|0|0|0|0|0|0|0|0|0|0|0|0|0|0|0|0|0|0|0|0|0|0|0|0|0||||||||
17|3|131|B|1|0|U|612|6|7|178|E1703|101|0|0|0|0|0|0|0|0|0|0|0|0|0|0|0|0|0|0|0|0|0|0|0|0|0|0|0|0|0|0|0|0|0|0|0|0|0|0|0|0|0|0|0|0|0|0|0|0|0|0|0|0|0|0|0||||||||
17|3|135|C|1|0|U|646|6|7|178|E1703|95|0|0|0|0|0|0|0|0|0|0|0|0|0|0|0|0|0|0|0|0|0|0|0|0|0|0|0|0|0|0|0|0|0|0|0|0|0|0|0|0|0|0|0|0|0|0|0|0|0|0|0|0|0|0|0||||||||
17|3|140|B|1|0|U|621|6|7|178|E1703|98|0|0|0|0|0|0|0|0|0|0|0|0|0|0|0|0|0|0|0|0|0|0|0|0|0|0|0|0|0|0|0|0|0|0|0|0|0|0|0|0|0|0|0|0|0|0|0|0|0|0|0|0|0|0|0||||||||
17|3|142|C|1|0|U|620|6|7|178|E1703|104|10|11|10|4|8|9|3|7|8|6|11|11|9|12|15|14|13|9|13|19|11|8|12|5|8|8|10|6|6|3|8|12|8|8|11|4|3|7|2|7|7|5|8|4|5|7|4|7|7|0|7|410|177|206|20|2024|4|25|15|4|46|4|N
17|3|146|B|1|0|U|501|6|7|178|E1703|109|0|0|0|0|0|0|0|0|0|0|0|0|0|0|0|0|0|0|0|0|0|0|0|0|0|0|0|0|0|0|0|0|0|0|0|0|0|0|0|0|0|0|0|0|0|0|0|0|0|0|0|0|0|0|0||||||||
17|3|149|B|1|0|U|386|6|7|178|E1703|96|4|5|6|4|9|1|4|3|5|5|4|8|10|9|8|6|6|4|2|9|5|11|5|4|4|5|2|3|5|7|1|5|1|5|3|3|5|7|5|8|3|2|3|6|7|3|3|7|4|2|4|250|98|141|5|2024|4|25|15|1|18|4|N
17|3|151|B|1|0|U|684|6|7|178|E1703|124|0|0|0|0|0|0|0|0|0|0|0|0|0|0|0|0|0|0|0|0|0|0|0|0|0|0|0|0|0|0|0|0|0|0|0|0|0|0|0|0|0|0|0|0|0|0|0|0|0|0|0|0|0|0|0||||||||
17|3|151|C|1|0|U|684|6|7|178|E1703|124|0|0|0|0|0|0|0|0|0|0|0|0|0|0|0|0|0|0|0|0|0|0|0|0|0|0|0|0|0|0|0|0|0|0|0|0|0|0|0|0|0|0|0|0|0|0|0|0|0|0|0|0|0|0|0||||||||
17|3|151|E|1|0|U|587|6|7|178|E1703|125|0|0|0|0|0|0|0|0|0|0|0|0|0|0|0|0|0|0|0|0|0|0|0|0|0|0|0|0|0|0|0|0|0|0|0|0|0|0|0|0|0|0|0|0|0|0|0|0|0|0|0|0|0|0|0||||||||
17|3|152|C|2|0|U|539|6|7|178|E1703|126|15|10|10|2|2|20|4|3|8|6|16|17|12|10|4|10|8|13|6|7|10|12|5|4|4|2|6|4|7|3|2|4|2|1|4|3|7|6|6|4|6|2|5|3|3|2|9|6|13|34|7|369|149|143|36|2024|4|25|14|12|29|4|N
17|3|168|B|1|0|U|664|6|7|178|E1703|114|0|0|0|0|0|0|0|0|0|0|0|0|0|0|0|0|0|0|0|0|0|0|0|0|0|0|0|0|0|0|0|0|0|0|0|0|0|0|0|0|0|0|0|0|0|0|0|0|0|0|0|0|0|0|0||||||||
17|3|175|C|1|0|U|580|6|7|178|E1703|118|0|0|0|0|0|0|0|0|0|0|0|0|0|0|0|0|0|0|0|0|0|0|0|0|0|0|0|0|0|0|0|0|0|0|0|0|0|0|0|0|0|0|0|0|0|0|0|0|0|0|0|0|0|0|0||||||||
17|3|177|C|3|0|M|647|6|7|178|E1703|121|0|0|0|0|0|0|0|0|0|0|0|0|0|0|0|0|0|0|0|0|0|0|0|0|0|0|0|0|0|0|0|0|0|0|0|0|0|0|0|0|0|0|0|0|0|0|0|0|0|0|0|0|0|0|0||||||||
17|3|181|E|1|0|M|563|6|7|178|E1703|85|0|0|0|0|0|0|0|0|0|0|0|0|0|0|0|0|0|0|0|0|0|0|0|0|0|0|0|0|0|0|0|0|0|0|0|0|0|0|0|0|0|0|0|0|0|0|0|0|0|0|0|0|0|0|0||||||||
17|3|181|E|1|2|M|562|6|7|178|E1703|85|0|0|0|0|0|0|0|0|0|0|0|0|0|0|0|0|0|0|0|0|0|0|0|0|0|0|0|0|0|0|0|0|0|0|0|0|0|0|0|0|0|0|0|0|0|0|0|0|0|0|0|0|0|0|0||||||||
17|3|186|C|3|0|R|599|6|7|178|E1703|106|0|0|0|0|0|0|0|0|0|0|0|0|0|0|0|0|0|0|0|0|0|0|0|0|0|0|0|0|0|0|0|0|0|0|0|0|0|0|0|0|0|0|0|0|0|0|0|0|0|0|0|0|0|0|0||||||||
17|3|538|C|2|0|U|613|13|4|178|E1703|54|0|0|0|0|0|0|0|0|0|0|0|0|0|0|0|0|0|0|0|0|0|0|0|0|0|0|0|0|0|0|0|0|0|0|0|0|0|0|0|0|0|0|0|0|0|0|0|0|0|0|0|0|0|0|0||||||||
17|3|539|B|1|0|U|447|13|4|178|E1703|53|0|0|0|0|0|0|0|0|0|0|0|0|0|0|0|0|0|0|0|0|0|0|0|0|0|0|0|0|0|0|0|0|0|0|0|0|0|0|0|0|0|0|0|0|0|0|0|0|0|0|0|0|0|0|0||||||||
17|3|547|C|1|0|M|597|13|4|178|E1703|50|0|0|0|0|0|0|0|0|0|0|0|0|0|0|0|0|0|0|0|0|0|0|0|0|0|0|0|0|0|0|0|0|0|0|0|0|0|0|0|0|0|0|0|0|0|0|0|0|0|0|0|0|0|0|0||||||||
17|3|655|B|1|0|M|504|19|4|178|E1703|15|0|0|0|0|0|0|0|0|0|0|0|0|0|0|0|0|0|0|0|0|0|0|0|0|0|0|0|0|0|0|0|0|0|0|0|0|0|0|0|0|0|0|0|0|0|0|0|0|0|0|0|0|0|0|0||||||||
17|3|664|E|1|0|R|125|19|4|178|E1703|14|0|0|0|0|0|0|0|0|0|0|0|0|0|0|0|0|0|0|0|0|0|0|0|0|0|0|0|0|0|0|0|0|0|0|0|0|0|0|0|0|0|0|0|0|0|0|0|0|0|0|0|0|0|0|0||||||||
17|3|902|C|2|0|U|702|33|4|178|E1703|64|0|0|0|0|0|0|0|0|0|0|0|0|0|0|0|0|0|0|0|0|0|0|0|0|0|0|0|0|0|0|0|0|0|0|0|0|0|0|0|0|0|0|0|0|0|0|0|0|0|0|0|0|0|0|0||||||||
17|4|7|C|1|0|U|557|1|11|179|E1704|1|0|0|0|0|0|0|0|0|0|0|0|0|0|0|0|0|0|0|0|0|0|0|0|0|0|0|0|0|0|0|0|0|0|0|0|0|0|0|0|0|0|0|0|0|0|0|0|0|0|0|0|0|0|0|0||||||||
17|4|501|C|2|0|M|572|12|11|179|E1704|13|0|0|0|0|0|0|0|0|0|0|0|0|0|0|0|0|0|0|0|0|0|0|0|0|0|0|0|0|0|0|0|0|0|0|0|0|0|0|0|0|0|0|0|0|0|0|0|0|0|0|0|0|0|0|0||||||||
17|4|506|B|1|0|U|587|12|11|179|E1704|15|0|0|0|0|0|0|0|0|0|0|0|0|0|0|0|0|0|0|0|0|0|0|0|0|0|0|0|0|0|0|0|0|0|0|0|0|0|0|0|0|0|0|0|0|0|0|0|0|0|0|0|0|0|0|0||||||||
17|4|510|C|1|0|U|535|12|11|179|E1704|19|0|0|0|0|0|0|0|0|0|0|0|0|0|0|0|0|0|0|0|0|0|0|0|0|0|0|0|0|0|0|0|0|0|0|0|0|0|0|0|0|0|0|0|0|0|0|0|0|0|0|0|0|0|0|0||||||||
17|4|514|B|1|0|U|420|12|11|179|E1704|20|0|0|0|0|0|0|0|0|0|0|0|0|0|0|0|0|0|0|0|0|0|0|0|0|0|0|0|0|0|0|0|0|0|0|0|0|0|0|0|0|0|0|0|0|0|0|0|0|0|0|0|0|0|0|0||||||||
17|4|518|B|1|0|U|740|12|11|179|E1704|21|10|7|6|13|11|9|14|6|8|4|5|10|11|4|7|9|13|10|14|10|13|16|8|14|17|13|9|8|10|5|9|7|10|12|5|10|7|6|11|6|5|10|5|4|3|7|11|7|9|15|10|463|148|276|14|2024|4|25|15|10|4|4|N
17|4|526|C|1|0|U|572|12|11|179|E1704|25|0|0|0|0|0|0|0|0|0|0|0|0|0|0|0|0|0|0|0|0|0|0|0|0|0|0|0|0|0|0|0|0|0|0|0|0|0|0|0|0|0|0|0|0|0|0|0|0|0|0|0|0|0|0|0||||||||
17|4|528|B|1|0|U|607|12|11|179|E1704|26|0|0|0|0|0|0|0|0|0|0|0|0|0|0|0|0|0|0|0|0|0|0|0|0|0|0|0|0|0|0|0|0|0|0|0|0|0|0|0|0|0|0|0|0|0|0|0|0|0|0|0|0|0|0|0||||||||
17|4|551|B|1|0|U|714|14|8|179|E1704|37|0|0|0|0|0|0|0|0|0|0|0|0|0|0|0|0|0|0|0|0|0|0|0|0|0|0|0|0|0|0|0|0|0|0|0|0|0|0|0|0|0|0|0|0|0|0|0|0|0|0|0|0|0|0|0||||||||
17|4|557|C|3|0|U|564|15|5|179|E1704|43|13|8|11|6|7|4|3|6|6|5|10|8|9|9|7|8|13|3|4|3|6|11|5|7|4|5|5|4|9|6|12|5|5|7|6|2|3|4|6|3|1|4|4|7|3|9|3|9|11|4|12|325|118|177|14|2024|4|25|15|10|45|4|N
17|4|560|C|2|0|U|590|15|5|179|E1704|44|8|2|8|4|7|21|9|5|9|11|11|8|9|6|9|5|8|8|12|7|6|11|8|10|3|5|7|4|9|8|6|6|9|2|4|11|2|8|12|4|4|10|5|1|5|8|11|8|17|5|9|385|115|224|32|2024|4|25|15|8|37|4|N
17|4|561|B|1|0|R|428|15|5|179|E1704|39|0|0|0|0|0|0|0|0|0|0|0|0|0|0|0|0|0|0|0|0|0|0|0|0|0|0|0|0|0|0|0|0|0|0|0|0|0|0|0|0|0|0|0|0|0|0|0|0|0|0|0|0|0|0|0||||||||
17|4|584|C|1|0|U|683|17|11|179|E1704|51|0|0|0|0|0|0|0|0|0|0|0|0|0|0|0|0|0|0|0|0|0|0|0|0|0|0|0|0|0|0|0|0|0|0|0|0|0|0|0|0|0|0|0|0|0|0|0|0|0|0|0|0|0|0|0||||||||
17|4|586|C|1|0|U|700|17|11|179|E1704|51|0|0|0|0|0|0|0|0|0|0|0|0|0|0|0|0|0|0|0|0|0|0|0|0|0|0|0|0|0|0|0|0|0|0|0|0|0|0|0|0|0|0|0|0|0|0|0|0|0|0|0|0|0|0|0||||||||
17|4|589|B|1|0|U|720|17|11|179|E1704|49|0|0|0|0|0|0|0|0|0|0|0|0|0|0|0|0|0|0|0|0|0|0|0|0|0|0|0|0|0|0|0|0|0|0|0|0|0|0|0|0|0|0|0|0|0|0|0|0|0|0|0|0|0|0|0||||||||
17|4|594|C|1|0|M|630|35|8|179|E1704|129|0|0|0|0|0|0|0|0|0|0|0|0|0|0|0|0|0|0|0|0|0|0|0|0|0|0|0|0|0|0|0|0|0|0|0|0|0|0|0|0|0|0|0|0|0|0|0|0|0|0|0|0|0|0|0||||||||
17|4|691|C|1|0|M|619|21|8|179|E1704|58|0|0|0|0|0|0|0|0|0|0|0|0|0|0|0|0|0|0|0|0|0|0|0|0|0|0|0|0|0|0|0|0|0|0|0|0|0|0|0|0|0|0|0|0|0|0|0|0|0|0|0|0|0|0|0||||||||
17|4|693|E|1|0|R|386|21|8|179|E1704|38|0|0|0|0|0|0|0|0|0|0|0|0|0|0|0|0|0|0|0|0|0|0|0|0|0|0|0|0|0|0|0|0|0|0|0|0|0|0|0|0|0|0|0|0|0|0|0|0|0|0|0|0|0|0|0||||||||
17|4|694|B|1|0|R|292|21|8|179|E1704|7|0|0|0|0|0|0|0|0|0|0|0|0|0|0|0|0|0|0|0|0|0|0|0|0|0|0|0|0|0|0|0|0|0|0|0|0|0|0|0|0|0|0|0|0|0|0|0|0|0|0|0|0|0|0|0||||||||
17|4|710|B|1|0|M|670|24|9|179|E1704|62|0|0|0|0|0|0|0|0|0|0|0|0|0|0|0|0|0|0|0|0|0|0|0|0|0|0|0|0|0|0|0|0|0|0|0|0|0|0|0|0|0|0|0|0|0|0|0|0|0|0|0|0|0|0|0||||||||
17|4|721|B|1|0|R|393|24|9|179|E1704|69|0|0|0|0|0|0|0|0|0|0|0|0|0|0|0|0|0|0|0|0|0|0|0|0|0|0|0|0|0|0|0|0|0|0|0|0|0|0|0|0|0|0|0|0|0|0|0|0|0|0|0|0|0|0|0||||||||
17|4|727|B|1|0|U|744|24|9|179|E1704|73|20|16|15|11|5|18|8|8|11|9|9|19|18|16|20|12|23|14|9|14|14|19|15|6|7|8|8|5|7|6|13|9|9|14|10|7|10|11|7|15|8|11|8|12|11|8|7|12|7|3|6|568|244|288|27|2024|4|25|14|8|56|4|N
17|4|728|C|1|0|U|519|24|9|179|E1704|75|11|9|8|7|5|11|10|7|2|4|8|8|10|9|4|6|10|8|8|6|10|10|11|6|4|5|7|4|4|3|3|1|5|4|2|5|3|5|2|4|3|8|6|3|5|5|7|4|7|3|4|304|128|150|19|2024|4|25|14|14|59|4|N
17|4|731|B|1|0|M|738|24|9|179|E1704|60|0|0|0|0|0|0|0|0|0|0|0|0|0|0|0|0|0|0|0|0|0|0|0|0|0|0|0|0|0|0|0|0|0|0|0|0|0|0|0|0|0|0|0|0|0|0|0|0|0|0|0|0|0|0|0||||||||
17|4|734|B|1|0|U|709|25|11|179|E1704|81|0|0|0|0|0|0|0|0|0|0|0|0|0|0|0|0|0|0|0|0|0|0|0|0|0|0|0|0|0|0|0|0|0|0|0|0|0|0|0|0|0|0|0|0|0|0|0|0|0|0|0|0|0|0|0||||||||
17|4|734|C|2|0|U|709|25|11|179|E1704|81|0|0|0|0|0|0|0|0|0|0|0|0|0|0|0|0|0|0|0|0|0|0|0|0|0|0|0|0|0|0|0|0|0|0|0|0|0|0|0|0|0|0|0|0|0|0|0|0|0|0|0|0|0|0|0||||||||
17|4|736|C|1|0|U|538|25|11|179|E1704|81|0|0|0|0|0|0|0|0|0|0|0|0|0|0|0|0|0|0|0|0|0|0|0|0|0|0|0|0|0|0|0|0|0|0|0|0|0|0|0|0|0|0|0|0|0|0|0|0|0|0|0|0|0|0|0||||||||
17|4|737|C|2|0|M|617|25|11|179|E1704|82|0|0|0|0|0|0|0|0|0|0|0|0|0|0|0|0|0|0|0|0|0|0|0|0|0|0|0|0|0|0|0|0|0|0|0|0|0|0|0|0|0|0|0|0|0|0|0|0|0|0|0|0|0|0|0||||||||
17|4|740|B|1|0|U|579|25|11|179|E1704|84|0|0|0|0|0|0|0|0|0|0|0|0|0|0|0|0|0|0|0|0|0|0|0|0|0|0|0|0|0|0|0|0|0|0|0|0|0|0|0|0|0|0|0|0|0|0|0|0|0|0|0|0|0|0|0||||||||
17|4|759|B|1|0|R|174|25|11|179|E1704|88|0|0|0|0|0|0|0|0|0|0|0|0|0|0|0|0|0|0|0|0|0|0|0|0|0|0|0|0|0|0|0|0|0|0|0|0|0|0|0|0|0|0|0|0|0|0|0|0|0|0|0|0|0|0|0||||||||
17|4|777|B|1|0|U|708|28|8|179|E1704|91|0|0|0|0|0|0|0|0|0|0|0|0|0|0|0|0|0|0|0|0|0|0|0|0|0|0|0|0|0|0|0|0|0|0|0|0|0|0|0|0|0|0|0|0|0|0|0|0|0|0|0|0|0|0|0||||||||
17|4|787|C|1|0|U|619|28|8|179|E1704|102|0|0|0|0|0|0|0|0|0|0|0|0|0|0|0|0|0|0|0|0|0|0|0|0|0|0|0|0|0|0|0|0|0|0|0|0|0|0|0|0|0|0|0|0|0|0|0|0|0|0|0|0|0|0|0||||||||
17|4|791|C|1|0|M|711|28|8|179|E1704|105|0|0|0|0|0|0|0|0|0|0|0|0|0|0|0|0|0|0|0|0|0|0|0|0|0|0|0|0|0|0|0|0|0|0|0|0|0|0|0|0|0|0|0|0|0|0|0|0|0|0|0|0|0|0|0||||||||
17|4|792|C|2|0|U|630|28|8|179|E1704|106|0|0|0|0|0|0|0|0|0|0|0|0|0|0|0|0|0|0|0|0|0|0|0|0|0|0|0|0|0|0|0|0|0|0|0|0|0|0|0|0|0|0|0|0|0|0|0|0|0|0|0|0|0|0|0||||||||
17|4|793|C|1|0|M|686|28|8|179|E1704|110|0|0|0|0|0|0|0|0|0|0|0|0|0|0|0|0|0|0|0|0|0|0|0|0|0|0|0|0|0|0|0|0|0|0|0|0|0|0|0|0|0|0|0|0|0|0|0|0|0|0|0|0|0|0|0||||||||
17|4|794|C|4|0|M|740|28|8|179|E1704|110|0|0|0|0|0|0|0|0|0|0|0|0|0|0|0|0|0|0|0|0|0|0|0|0|0|0|0|0|0|0|0|0|0|0|0|0|0|0|0|0|0|0|0|0|0|0|0|0|0|0|0|0|0|0|0||||||||
17|4|795|C|3|0|U|632|28|8|179|E1704|108|0|0|0|0|0|0|0|0|0|0|0|0|0|0|0|0|0|0|0|0|0|0|0|0|0|0|0|0|0|0|0|0|0|0|0|0|0|0|0|0|0|0|0|0|0|0|0|0|0|0|0|0|0|0|0||||||||
17|4|869|B|1|0|U|516|31|11|179|E1704|113|0|0|0|0|0|0|0|0|0|0|0|0|0|0|0|0|0|0|0|0|0|0|0|0|0|0|0|0|0|0|0|0|0|0|0|0|0|0|0|0|0|0|0|0|0|0|0|0|0|0|0|0|0|0|0||||||||
17|4|890|B|1|0|U|534|31|11|179|E1704|122|0|0|0|0|0|0|0|0|0|0|0|0|0|0|0|0|0|0|0|0|0|0|0|0|0|0|0|0|0|0|0|0|0|0|0|0|0|0|0|0|0|0|0|0|0|0|0|0|0|0|0|0|0|0|0||||||||
17|4|891|C|1|0|M|645|31|11|179|E1704|123|0|0|0|0|0|0|0|0|0|0|0|0|0|0|0|0|0|0|0|0|0|0|0|0|0|0|0|0|0|0|0|0|0|0|0|0|0|0|0|0|0|0|0|0|0|0|0|0|0|0|0|0|0|0|0||||||||
17|4|937|B|1|0|U|664|35|8|179|E1704|134|0|0|0|0|0|0|0|0|0|0|0|0|0|0|0|0|0|0|0|0|0|0|0|0|0|0|0|0|0|0|0|0|0|0|0|0|0|0|0|0|0|0|0|0|0|0|0|0|0|0|0|0|0|0|0||||||||
17|4|937|C|2|0|U|663|35|8|179|E1704|134|0|0|0|0|0|0|0|0|0|0|0|0|0|0|0|0|0|0|0|0|0|0|0|0|0|0|0|0|0|0|0|0|0|0|0|0|0|0|0|0|0|0|0|0|0|0|0|0|0|0|0|0|0|0|0||||||||
17|5|13|C|2|0|M|676|2|3|180|E1705|44|0|0|0|0|0|0|0|0|0|0|0|0|0|0|0|0|0|0|0|0|0|0|0|0|0|0|0|0|0|0|0|0|0|0|0|0|0|0|0|0|0|0|0|0|0|0|0|0|0|0|0|0|0|0|0||||||||
17|5|16|B|1|0|R|444|2|3|180|E1705|47|0|0|0|0|0|0|0|0|0|0|0|0|0|0|0|0|0|0|0|0|0|0|0|0|0|0|0|0|0|0|0|0|0|0|0|0|0|0|0|0|0|0|0|0|0|0|0|0|0|0|0|0|0|0|0||||||||
17|5|17|B|1|0|R|606|2|3|180|E1705|47|0|0|0|0|0|0|0|0|0|0|0|0|0|0|0|0|0|0|0|0|0|0|0|0|0|0|0|0|0|0|0|0|0|0|0|0|0|0|0|0|0|0|0|0|0|0|0|0|0|0|0|0|0|0|0||||||||
17|5|569|C|1|0|M|562|16|10|180|E1705|49|0|0|0|0|0|0|0|0|0|0|0|0|0|0|0|0|0|0|0|0|0|0|0|0|0|0|0|0|0|0|0|0|0|0|0|0|0|0|0|0|0|0|0|0|0|0|0|0|0|0|0|0|0|0|0||||||||
17|5|571|C|1|0|M|612|16|10|180|E1705|50|0|0|0|0|0|0|0|0|0|0|0|0|0|0|0|0|0|0|0|0|0|0|0|0|0|0|0|0|0|0|0|0|0|0|0|0|0|0|0|0|0|0|0|0|0|0|0|0|0|0|0|0|0|0|0||||||||
17|5|576|C|1|0|M|514|16|10|180|E1705|52|0|0|0|0|0|0|0|0|0|0|0|0|0|0|0|0|0|0|0|0|0|0|0|0|0|0|0|0|0|0|0|0|0|0|0|0|0|0|0|0|0|0|0|0|0|0|0|0|0|0|0|0|0|0|0||||||||
17|5|676|B|1|0|U|544|20|3|180|E1705|19|0|0|0|0|0|0|0|0|0|0|0|0|0|0|0|0|0|0|0|0|0|0|0|0|0|0|0|0|0|0|0|0|0|0|0|0|0|0|0|0|0|0|0|0|0|0|0|0|0|0|0|0|0|0|0||||||||
17|5|676|C|2|0|U|543|20|3|180|E1705|19|0|0|0|0|0|0|0|0|0|0|0|0|0|0|0|0|0|0|0|0|0|0|0|0|0|0|0|0|0|0|0|0|0|0|0|0|0|0|0|0|0|0|0|0|0|0|0|0|0|0|0|0|0|0|0||||||||
17|5|677|C|1|0|U|540|20|3|180|E1705|18|0|0|0|0|0|0|0|0|0|0|0|0|0|0|0|0|0|0|0|0|0|0|0|0|0|0|0|0|0|0|0|0|0|0|0|0|0|0|0|0|0|0|0|0|0|0|0|0|0|0|0|0|0|0|0||||||||
17|5|680|C|2|0|M|572|20|3|180|E1705|27|0|0|0|0|0|0|0|0|0|0|0|0|0|0|0|0|0|0|0|0|0|0|0|0|0|0|0|0|0|0|0|0|0|0|0|0|0|0|0|0|0|0|0|0|0|0|0|0|0|0|0|0|0|0|0||||||||
17|5|760|C|1|0|U|710|26|3|180|E1705|35|0|0|0|0|0|0|0|0|0|0|0|0|0|0|0|0|0|0|0|0|0|0|0|0|0|0|0|0|0|0|0|0|0|0|0|0|0|0|0|0|0|0|0|0|0|0|0|0|0|0|0|0|0|0|0||||||||
17|5|801|E|1|0|M|657|29|12|180|E1705|75|0|0|0|0|0|0|0|0|0|0|0|0|0|0|0|0|0|0|0|0|0|0|0|0|0|0|0|0|0|0|0|0|0|0|0|0|0|0|0|0|0|0|0|0|0|0|0|0|0|0|0|0|0|0|0||||||||
17|5|818|C|1|0|M|611|29|12|180|E1705|63|0|0|0|0|0|0|0|0|0|0|0|0|0|0|0|0|0|0|0|0|0|0|0|0|0|0|0|0|0|0|0|0|0|0|0|0|0|0|0|0|0|0|0|0|0|0|0|0|0|0|0|0|0|0|0||||||||
17|5|818|C|3|0|M|611|29|12|180|E1705|63|0|0|0|0|0|0|0|0|0|0|0|0|0|0|0|0|0|0|0|0|0|0|0|0|0|0|0|0|0|0|0|0|0|0|0|0|0|0|0|0|0|0|0|0|0|0|0|0|0|0|0|0|0|0|0||||||||
17|5|818|C|4|0|M|611|29|12|180|E1705|63|0|0|0|0|0|0|0|0|0|0|0|0|0|0|0|0|0|0|0|0|0|0|0|0|0|0|0|0|0|0|0|0|0|0|0|0|0|0|0|0|0|0|0|0|0|0|0|0|0|0|0|0|0|0|0||||||||
17|5|824|B|1|0|U|651|29|12|180|E1705|73|0|0|0|0|0|0|0|0|0|0|0|0|0|0|0|0|0|0|0|0|0|0|0|0|0|0|0|0|0|0|0|0|0|0|0|0|0|0|0|0|0|0|0|0|0|0|0|0|0|0|0|0|0|0|0||||||||
17|5|830|C|1|0|U|609|29|12|180|E1705|13|0|0|0|0|0|0|0|0|0|0|0|0|0|0|0|0|0|0|0|0|0|0|0|0|0|0|0|0|0|0|0|0|0|0|0|0|0|0|0|0|0|0|0|0|0|0|0|0|0|0|0|0|0|0|0||||||||
17|5|835|S|1|0|M|0|29|12|180|E1705|82|0|0|0|0|0|0|0|0|0|0|0|0|0|0|0|0|0|0|0|0|0|0|0|0|0|0|0|0|0|0|0|0|0|0|0|0|0|0|0|0|0|0|0|0|0|0|0|0|0|0|0|0|0|0|0||||||||
17|5|843|C|1|0|U|582|29|12|180|E1705|12|0|0|0|0|0|0|0|0|0|0|0|0|0|0|0|0|0|0|0|0|0|0|0|0|0|0|0|0|0|0|0|0|0|0|0|0|0|0|0|0|0|0|0|0|0|0|0|0|0|0|0|0|0|0|0||||||||
17|5|851|C|2|0|U|609|30|10|180|E1705|91|0|0|0|0|0|0|0|0|0|0|0|0|0|0|0|0|0|0|0|0|0|0|0|0|0|0|0|0|0|0|0|0|0|0|0|0|0|0|0|0|0|0|0|0|0|0|0|0|0|0|0|0|0|0|0||||||||
17|5|851|S|1|0|U|0|30|10|180|E1705|91|0|0|0|0|0|0|0|0|0|0|0|0|0|0|0|0|0|0|0|0|0|0|0|0|0|0|0|0|0|0|0|0|0|0|0|0|0|0|0|0|0|0|0|0|0|0|0|0|0|0|0|0|0|0|0||||||||
17|5|858|C|1|0|U|748|30|10|180|E1705|98|12|21|15|6|6|19|7|9|3|12|14|9|13|15|16|14|17|21|15|17|16|18|21|3|11|7|7|8|8|9|8|10|8|6|11|6|6|7|6|7|5|9|6|7|2|12|6|6|15|2|13|527|240|239|33|2024|4|25|15|7|20|4|N
17|5|858|C|2|0|U|748|30|10|180|E1705|98|0|0|0|0|0|0|0|0|0|0|0|0|0|0|0|0|0|0|0|0|0|0|0|0|0|0|0|0|0|0|0|0|0|0|0|0|0|0|0|0|0|0|0|0|0|0|0|0|0|0|0|0|0|0|0||||||||
17|5|859|C|2|0|R|656|30|10|180|E1705|99|0|0|0|0|0|0|0|0|0|0|0|0|0|0|0|0|0|0|0|0|0|0|0|0|0|0|0|0|0|0|0|0|0|0|0|0|0|0|0|0|0|0|0|0|0|0|0|0|0|0|0|0|0|0|0||||||||
17|5|860|B|1|0|U|637|30|10|180|E1705|100|0|0|0|0|0|0|0|0|0|0|0|0|0|0|0|0|0|0|0|0|0|0|0|0|0|0|0|0|0|0|0|0|0|0|0|0|0|0|0|0|0|0|0|0|0|0|0|0|0|0|0|0|0|0|0||||||||
17|5|861|C|2|0|U|538|30|10|180|E1705|101|0|0|0|0|0|0|0|0|0|0|0|0|0|0|0|0|0|0|0|0|0|0|0|0|0|0|0|0|0|0|0|0|0|0|0|0|0|0|0|0|0|0|0|0|0|0|0|0|0|0|0|0|0|0|0||||||||
17|5|864|E|1|0|U|739|30|10|180|E1705|105|0|0|0|0|0|0|0|0|0|0|0|0|0|0|0|0|0|0|0|0|0|0|0|0|0|0|0|0|0|0|0|0|0|0|0|0|0|0|0|0|0|0|0|0|0|0|0|0|0|0|0|0|0|0|0||||||||
17|5|895|C|1|0|U|518|32|4|180|E1705|107|12|10|5|3|9|9|5|3|4|9|21|12|7|9|6|12|9|5|7|8|9|8|12|9|3|3|3|2|3|7|9|4|8|5|3|4|6|10|7|8|1|2|6|9|7|5|7|6|14|3|19|367|131|184|30|2024|4|25|11|57|39|4|N
17|5|897|B|1|0|M|445|32|4|180|E1705|106|0|0|0|0|0|0|0|0|0|0|0|0|0|0|0|0|0|0|0|0|0|0|0|0|0|0|0|0|0|0|0|0|0|0|0|0|0|0|0|0|0|0|0|0|0|0|0|0|0|0|0|0|0|0|0||||||||
17|5|918|B|1|0|M|607|29|12|180|E1705|14|0|0|0|0|0|0|0|0|0|0|0|0|0|0|0|0|0|0|0|0|0|0|0|0|0|0|0|0|0|0|0|0|0|0|0|0|0|0|0|0|0|0|0|0|0|0|0|0|0|0|0|0|0|0|0||||||||
17|5|919|B|1|0|U|676|29|12|180|E1705|15|0|0|0|0|0|0|0|0|0|0|0|0|0|0|0|0|0|0|0|0|0|0|0|0|0|0|0|0|0|0|0|0|0|0|0|0|0|0|0|0|0|0|0|0|0|0|0|0|0|0|0|0|0|0|0||||||||
17|5|952|C|2|0|U|574|29|12|180|E1705|67|0|0|0|0|0|0|0|0|0|0|0|0|0|0|0|0|0|0|0|0|0|0|0|0|0|0|0|0|0|0|0|0|0|0|0|0|0|0|0|0|0|0|0|0|0|0|0|0|0|0|0|0|0|0|0||||||||
17|5|952|C|3|0|U|574|29|12|180|E1705|67|0|0|0|0|0|0|0|0|0|0|0|0|0|0|0|0|0|0|0|0|0|0|0|0|0|0|0|0|0|0|0|0|0|0|0|0|0|0|0|0|0|0|0|0|0|0|0|0|0|0|0|0|0|0|0||||||||
17|5|953|C|2|0|U|605|29|12|180|E1705|68|0|0|0|0|0|0|0|0|0|0|0|0|0|0|0|0|0|0|0|0|0|0|0|0|0|0|0|0|0|0|0|0|0|0|0|0|0|0|0|0|0|0|0|0|0|0|0|0|0|0|0|0|0|0|0||||||||
