325
ID_ESTADO|ID_DISTRITO_FEDERAL|SECCION|TIPO_CASILLA|ID_CASILLA|EXT_CONTIGUA|TIPO_SECCION|LISTA_NOMINAL|ID_MUNICIPIO|ID_DIST_LOC|ID_ESTRATO|ESTRATO|NUMERO_ARE|PAN|PRI|PRD|PVEM|PT|MC|MORENA|PAN_PRI_PRD|PAN_PRI|PAN_PRD|PRI_PRD|PVEM_PT_MORENA|PVEM_PT|PVEM_MORENA|PT_MORENA|CNR|NULOS|TOTAL|BXGR|CSP|JAM|ANIO|MES|DIA|HORA|MINUTOS|SEGUNDOS|ORIGEN_CAPTURA|MODIFICADO
1|2|494|C|1|0|U|529|1|12|2|E0102|136|0|82|0|0|6|67|16|0|0|0|95|0|0|75|0|2|11|354|177|97|67|2024|4|25|14|3|16|4|N
1|3|205|B|1|0|U|459|1|11|3|E0103|43|0|12|5|3|0|139|78|0|36|0|0|0|4|1|0|4|1|283|53|86|139|2024|4|25|14|3|34|4|N
2|2|309|C|1|0|U|452|2|4|5|E0202|54|56|73|1|7|22|41|0|0|0|0|0|0|0|0|0|5|5|210|130|29|41|2024|4|25|13|53|55|4|N
2|2|541|C|1|0|U|617|2|4|5|E0202|1|169|32|17|27|5|76|32|0|0|0|3|0|0|0|0|5|1|367|221|64|76|2024|4|25|14|5|10|4|N
2|3|137|B|1|0|U|483|1|17|6|E0203|86|18|23|11|81|0|63|4|0|0|0|25|1|0|8|0|2|3|239|77|94|63|2024|4|25|14|4|49|4|N
2|3|1984|C|1|0|U|734|1|17|6|E0203|76|27|9|7|20|38|151|66|0|0|0|0|3|0|38|0|2|12|373|43|165|151|2024|4|25|14|3|16|4|N
2|4|1454|B|1|0|U|626|4|7|7|E0204|93|172|16|19|16|44|92|67|0|6|0|16|0|0|0|0|0|2|450|229|127|92|2024|4|25|12|11|59|4|N
2|4|1584|C|1|0|U|525|4|7|7|E0204|49|35|36|6|66|18|38|18|0|0|0|0|0|0|0|0|1|6|224|77|102|38|2024|4|25|13|32|37|4|N
2|5|943|C|1|0|U|509|4|10|8|E0205|7|18|48|1|1|34|68|23|0|0|0|0|16|0|0|0|0|9|218|67|74|68|2024|4|25|14|6|22|4|N
2|5|1016|C|1|0|U|675|4|10|8|E0205|3|65|56|4|6|1|88|18|1|7|0|10|0|0|0|0|0|6|262|143|25|88|2024|4|25|11|37|40|4|N
2|5|1116|C|1|0|U|571|4|9|8|E0205|46|32|26|53|3|8|114|5|6|0|0|0|0|20|1|0|3|5|276|117|37|114|2024|4|25|12|59|58|4|N
2|5|1123|C|3|0|U|659|4|8|8|E0205|128|124|49|26|0|4|82|25|0|0|0|2|0|0|0|0|4|8|324|201|29|82|2024|4|25|12|47|18|4|N
2|5|1146|C|2|0|U|585|4|8|8|E0205|157|2|140|28|26|0|24|53|1|0|0|29|0|0|0|0|1|3|307|200|79|24|2024|4|25|11|48|49|4|N
2|6|795|C|1|0|U|610|4|10|9|E0206|19|17|37|46|51|2|92|3|0|0|0|0|0|0|17|0|5|2|272|100|73|92|2024|4|25|11|52|16|4|N
2|6|988|C|1|0|U|587|4|10|9|E0206|87|13|33|0|25|30|81|43|11|0|0|0|0|0|0|0|3|10|249|57|98|81|2024|4|25|11|58|3|4|N
2|7|172|C|9|0|M|690|1|16|10|E0207|44|43|159|29|2|48|49|1|3|0|0|0|0|0|11|0|4|7|356|234|62|49|2024|4|25|13|28|17|4|N
2|8|1346|C|1|0|U|625|4|12|11|E0208|100|1|111|1|6|15|43|1|0|0|1|0|1|0|7|0|1|0|188|114|30|43|2024|4|25|13|17|27|4|N
2|8|1715|B|1|0|U|387|4|14|11|E0208|39|11|89|33|1|6|52|2|0|0|0|0|0|15|5|0|4|12|230|133|29|52|2024|4|25|12|13|23|4|N
2|8|2084|C|1|0|U|708|4|12|11|E0208|112|27|96|0|8|27|26|195|0|0|0|0|1|0|0|0|2|1|383|123|231|26|2024|4|25|13|59|39|4|N
2|8|2085|C|2|0|U|609|4|12|11|E0208|113|0|14|0|11|7|76|17|0|0|0|0|0|0|3|0|3|1|132|14|38|76|2024|4|25|12|43|42|4|N
2|8|2085|C|3|0|U|609|4|12|11|E0208|113|47|74|11|24|1|10|7|0|0|0|27|0|0|6|0|5|11|223|159|38|10|2024|4|25|12|46|40|4|N
2|9|709|C|2|0|M|577|3|6|12|E0209|22|10|102|34|11|11|135|47|0|0|0|0|0|0|0|0|5|2|357|146|69|135|2024|4|25|10|17|27|4|N
3|1|145|B|1|0|U|394|3|2|13|E0301|87|28|39|1|43|31|83|71|0|0|0|0|1|16|0|0|1|1|315|68|162|83|2024|4|25|14|0|50|4|N
3|1|468|B|1|0|U|471|3|3|13|E0301|117|14|32|8|106|0|58|87|0|0|3|0|0|0|0|0|4|5|317|57|193|58|2024|4|25|14|5|44|4|N
3|2|516|B|1|0|U|455|4|12|14|E0302|41|58|17|1|158|0|75|19|0|0|0|0|0|0|0|0|4|0|332|76|177|75|2024|4|25|12|23|15|4|N
3|2|537|C|2|0|U|716|4|12|14|E0302|41|60|71|0|74|0|44|115|0|0|2|0|0|2|0|0|2|10|380|133|191|44|2024|4|25|12|31|7|4|N
3|2|538|B|1|0|U|712|4|12|14|E0302|42|65|16|27|239|32|40|99|0|0|0|0|0|0|16|0|5|12|551|108|386|40|2024|4|25|11|35|35|4|N
4|2|245|C|1|0|U|531|3|8|16|E0402|24|6|94|31|16|10|64|210|0|0|0|4|33|0|14|1|2|1|486|135|284|64|2024|4|25|11|27|38|4|N
5|1|25|B|1|0|U|720|2|1|17|E0501|16|204|23|22|34|101|13|1|0|0|0|0|0|3|0|0|1|5|407|249|139|13|2024|4|25|12|52|30|4|N
5|2|1042|C|3|0|U|579|31|6|18|E0502|61|0|4|1|6|4|6|8|1|1|0|4|0|0|0|0|1|0|36|11|18|6|2024|4|25|14|5|11|4|N
5|5|1202|C|1|0|U|518|35|8|21|E0505|48|0|1|31|75|19|134|50|0|0|0|10|0|0|0|0|0|4|324|42|144|134|2024|4|25|12|13|16|4|N
5|5|1336|C|1|0|U|566|35|9|21|E0505|44|7|15|3|19|27|88|102|0|9|15|0|0|48|0|0|5|7|345|49|196|88|2024|4|25|12|26|20|4|N
5|5|1337|B|1|0|U|464|35|9|21|E0505|44|0|13|2|34|14|54|3|0|5|0|0|0|3|0|1|3|12|144|20|55|54|2024|4|25|12|30|12|4|N
5|8|568|B|1|0|R|299|24|12|24|E0508|55|12|39|0|6|19|23|0|5|0|0|2|0|4|0|0|1|2|113|58|29|23|2024|4|25|10|33|32|4|N
5|8|1719|C|2|0|U|676|27|12|24|E0508|92|2|7|0|82|30|67|51|26|0|0|0|0|0|0|0|0|2|267|35|163|67|2024|4|25|10|42|0|4|N
5|8|1721|C|2|0|U|650|27|12|24|E0508|94|0|11|17|59|42|51|15|0|0|0|0|0|2|0|1|5|11|214|28|119|51|2024|4|25|10|29|3|4|N
6|2|215|B|1|0|U|567|8|13|26|E0602|66|12|16|33|0|38|15|55|0|0|0|6|1|51|0|30|5|5|267|67|175|15|2024|4|25|14|3|47|4|N
6|2|336|C|1|0|M|553|10|16|26|E0602|119|0|96|23|0|0|54|85|0|0|0|34|2|2|0|61|0|1|358|153|150|54|2024|4|25|14|4|2|4|N
7|1|1109|C|1|0|R|597|76|9|27|E0701|72|4|0|37|2|7|121|19|7|122|0|21|0|0|0|0|0|0|340|191|28|121|2024|4|25|11|6|36|4|N
7|4|621|C|1|0|U|614|43|12|30|E0704|17|2|0|79|34|46|99|2|0|48|0|7|0|0|6|87|2|11|423|136|175|99|2024|4|25|14|5|33|4|N
7|5|347|E|1|0|R|438|23|22|31|E0705|17|0|11|11|46|2|192|36|0|5|0|0|0|0|0|0|1|8|312|27|84|192|2024|4|25|9|56|0|4|N
7|5|1121|B|1|0|U|683|77|5|31|E0705|48|13|0|63|7|68|300|57|0|37|0|0|1|0|0|1|3|12|562|113|134|300|2024|4|25|10|27|46|4|N
7|6|404|C|2|0|U|622|27|3|32|E0706|12|7|10|68|0|53|243|16|1|44|0|10|0|0|0|0|3|6|461|140|69|243|2024|4|25|11|46|21|4|N
7|6|404|E|1|3|U|741|27|3|32|E0706|13|34|48|7|11|38|136|47|0|137|0|6|0|0|0|0|2|12|478|232|96|136|2024|4|25|12|46|56|4|N
7|6|429|C|2|0|R|527|27|3|32|E0706|27|1|11|27|58|7|243|3|0|40|0|0|0|0|0|0|5|6|401|79|68|243|2024|4|25|13|57|5|4|N
7|6|1242|B|1|0|U|608|87|3|32|E0706|42|4|21|36|12|70|151|56|0|59|0|3|1|0|3|1|1|1|419|123|143|151|2024|4|25|14|4|57|1|N
7|6|1660|C|2|0|U|670|102|1|32|E0706|97|13|31|72|0|53|175|36|1|19|0|0|8|1|0|0|2|8|419|136|98|175|2024|4|25|13|34|50|4|N
7|6|2105|C|2|0|R|630|27|3|32|E0706|30|0|9|82|5|0|84|261|2|6|0|0|0|0|0|3|0|11|463|99|269|84|2024|4|25|13|49|47|4|N
7|13|1205|C|1|0|R|531|124|17|39|E0713|32|32|0|19|115|52|73|16|0|24|0|20|0|0|0|0|4|9|364|95|183|73|2024|4|25|13|21|3|4|N
8|1|2711|C|4|0|U|713|37|7|40|E0801|47|53|19|10|36|1|37|46|0|43|3|0|51|1|0|0|1|3|304|128|135|37|2024|4|25|12|41|11|4|N
8|2|2970|B|1|0|U|287|37|8|41|E0802|62|6|104|16|1|2|17|24|0|6|25|0|0|1|5|0|2|6|215|157|33|17|2024|4|25|13|37|51|4|N
8|3|1509|C|1|0|U|598|37|3|42|E0803|39|4|2|10|10|0|9|12|5|4|0|0|0|1|3|2|3|1|66|25|28|9|2024|4|25|13|55|47|4|N
8|5|952|B|1|0|U|402|21|19|44|E0805|45|2|50|37|11|0|31|46|3|1|2|0|0|0|0|0|3|0|186|95|57|31|2024|4|25|14|0|26|4|N
8|5|963|C|1|0|U|650|21|19|44|E0805|46|10|12|39|7|13|70|88|0|5|0|0|0|28|0|0|1|11|284|66|136|70|2024|4|25|13|27|9|4|N
8|5|991|E|1|1|U|673|21|19|44|E0805|60|2|117|26|15|0|51|33|0|0|0|0|3|29|0|0|2|11|289|145|80|51|2024|4|25|11|4|2|4|N
8|5|2485|B|1|0|U|714|52|11|44|E0805|131|6|95|21|14|0|66|34|1|16|0|0|13|28|0|0|1|0|295|139|89|66|2024|4|25|14|4|26|4|N
8|5|2491|B|1|0|U|563|52|11|44|E0805|137|2|9|21|76|2|59|102|0|84|0|0|0|0|0|0|2|0|357|116|180|59|2024|4|25|10|22|50|4|N
8|6|3183|C|1|0|U|456|19|12|45|E0806|68|9|46|101|15|10|8|1|0|3|0|0|0|21|0|0|3|3|220|159|47|8|2024|4|25|11|30|16|4|N
8|6|3211|B|1|0|U|384|19|12|45|E0806|60|5|2|53|1|0|54|20|0|0|0|0|12|0|0|0|2|11|160|60|33|54|2024|4|25|12|5|9|4|N
8|6|3266|C|1|0|U|635|19|18|45|E0806|127|1|1|1|1|1|1|1|1|1|1|1|1|1|1|1|1|1|17|7|7|1|2024|4|25|13|55|31|4|N
8|7|334|C|1|0|U|592|17|14|46|E0807|49|118|90|24|0|6|38|9|0|24|1|0|0|0|48|0|1|5|364|257|63|38|2024|4|25|13|22|7|4|N
8|8|483|C|1|0|U|417|19|18|47|E0808|159|22|0|1|60|3|15|10|0|0|0|0|0|0|0|0|1|2|114|23|73|15|2024|4|25|10|5|55|4|N
8|8|650|B|1|0|U|504|19|15|47|E0808|124|8|10|44|13|0|79|138|0|2|3|0|1|0|0|0|4|2|304|67|152|79|2024|4|25|13|45|47|4|N
8|8|688|C|1|0|U|458|19|15|47|E0808|122|94|18|25|6|1|109|5|0|0|0|0|0|27|0|0|1|12|298|137|39|109|2024|4|25|10|32|28|4|N
9|1|828|C|1|0|U|580|5|1|49|E0901|94|100|66|0|0|6|54|95|0|0|0|0|0|0|0|0|3|5|329|166|101|54|2024|4|25|14|4|19|4|N
9|1|836|B|1|0|U|667|5|1|49|E0901|8|40|347|0|3|5|74|7|57|0|0|0|0|27|0|0|0|2|562|444|42|74|2024|4|25|10|36|34|4|N
9|1|954|B|1|0|U|723|5|1|49|E0901|45|19|53|39|3|31|159|91|2|0|0|0|0|39|0|0|2|3|441|113|164|159|2024|4|25|14|2|56|4|N
9|1|1002|C|3|0|U|623|5|2|49|E0901|102|23|10|31|22|0|170|57|0|0|0|0|0|4|16|0|5|3|341|64|99|170|2024|4|25|14|5|6|4|N
9|2|1067|B|1|0|U|420|5|2|50|E0902|94|45|7|31|0|30|60|43|0|1|0|0|12|13|0|0|3|5|250|84|98|60|2024|4|25|10|36|0|4|N
9|2|1114|B|1|0|U|452|5|2|50|E0902|86|28|100|1|33|3|48|60|0|0|0|0|0|0|0|0|4|2|279|129|96|48|2024|4|25|14|2|53|4|N
9|2|1255|B|1|0|U|447|5|2|50|E0902|46|36|13|30|10|0|75|118|0|0|0|0|1|41|0|0|1|4|329|79|170|75|2024|4|25|11|20|28|4|N
9|2|1277|C|1|0|U|594|5|4|50|E0902|15|144|72|0|127|0|47|65|0|4|0|0|0|4|1|0|1|6|471|220|197|47|2024|4|25|13|30|58|4|N
9|2|1297|B|1|0|U|736|5|2|50|E0902|92|5|66|0|68|2|97|177|0|7|0|30|0|2|2|0|1|1|458|108|251|97|2024|4|25|12|36|4|4|N
9|2|1487|C|1|0|U|516|5|2|50|E0902|71|26|19|85|47|22|45|52|0|2|0|0|0|11|0|0|2|0|311|132|132|45|2024|4|25|14|4|40|1|N
9|2|4587|B|1|0|U|384|15|9|50|E0902|158|42|24|37|1|0|89|34|0|0|1|0|0|7|5|0|0|2|242|104|47|89|2024|4|25|14|5|14|4|N
9|2|4658|C|2|0|U|612|15|9|50|E0902|151|62|117|19|30|0|39|31|6|0|0|0|2|2|4|0|5|5|322|204|69|39|2024|4|25|14|3|11|4|N
9|3|56|C|2|0|U|732|2|3|51|E0903|67|2|31|3|97|4|89|122|7|5|0|0|0|57|32|0|2|1|452|48|312|89|2024|4|25|14|4|27|4|N
9|3|228|C|1|0|U|619|2|3|51|E0903|47|22|223|2|23|13|59|13|8|0|1|0|2|51|0|0|0|10|427|256|102|59|2024|4|25|11|2|4|4|N
9|4|2626|C|1|0|U|520|7|29|52|E0904|17|43|61|0|5|1|115|22|4|0|8|7|0|37|0|0|5|9|317|123|65|115|2024|4|25|13|47|56|4|N
9|4|2771|C|1|0|U|603|7|29|52|E0904|32|4|97|1|19|0|262|60|2|0|0|0|0|29|0|0|1|2|477|104|108|262|2024|4|25|12|24|47|4|N
9|4|2853|C|2|0|U|622|7|31|52|E0904|67|10|40|59|59|16|135|12|0|0|0|0|0|85|7|0|4|0|427|109|179|135|2024|4|25|11|7|25|4|N
9|4|2892|B|1|0|U|449|7|28|52|E0904|118|38|53|19|15|76|112|60|0|0|0|0|0|18|0|0|0|5|396|110|169|112|2024|4|25|14|1|26|4|N
9|4|2953|B|1|0|U|655|7|31|52|E0904|94|7|22|2|98|1|262|7|0|0|1|1|0|63|5|0|1|10|480|33|174|262|2024|4|25|14|4|19|4|N
9|5|3930|C|4|0|U|698|12|16|53|E0905|137|11|146|5|8|0|159|50|0|0|0|0|0|38|3|0|3|4|427|162|99|159|2024|4|25|14|5|14|4|N
9|5|3974|B|1|0|U|607|12|16|53|E0905|95|15|75|20|16|0|215|54|0|0|0|0|26|4|0|0|0|1|426|110|100|215|2024|4|25|14|4|59|4|N
9|10|4971|C|1|0|U|541|16|13|58|E0910|108|33|88|2|11|0|18|35|39|2|0|0|0|101|0|0|4|10|343|164|147|18|2024|4|25|11|32|27|4|N
9|10|5153|C|1|0|U|722|16|13|58|E0910|68|94|24|6|28|26|171|114|0|0|0|0|0|88|0|0|5|7|563|124|256|171|2024|4|25|11|28|28|4|N
9|10|5155|C|4|0|U|629|16|13|58|E0910|70|44|59|108|1|2|230|47|0|0|0|0|0|1|0|0|2|4|498|211|51|230|2024|4|25|11|12|35|4|N
9|10|5167|B|1|0|U|477|16|13|58|E0910|72|12|9|52|43|22|74|2|30|2|0|13|8|0|8|3|0|0|278|118|86|74|2024|4|25|11|0|46|4|N
9|10|5177|C|1|0|U|419|16|13|58|E0910|73|31|5|12|26|18|101|4|51|0|0|0|0|1|0|0|4|4|257|99|49|101|2024|4|25|11|14|59|4|N
9|11|5191|C|1|0|U|584|17|10|59|E0911|4|36|12|5|105|17|145|47|3|0|0|0|0|0|4|0|5|12|391|56|173|145|2024|4|25|14|4|56|1|N
9|11|5401|B|1|0|U|678|17|10|59|E0911|107|27|29|4|4|0|146|202|0|0|0|0|0|46|0|0|4|9|471|60|252|146|2024|4|25|14|3|8|1|N
9|12|4540|C|1|0|U|538|15|12|60|E0912|75|6|67|10|37|0|139|23|0|20|0|0|0|9|0|0|2|0|313|103|69|139|2024|4|25|14|5|4|1|N
9|12|4543|C|1|0|U|602|15|12|60|E0912|116|2|49|1|7|0|34|216|0|0|0|0|0|4|0|0|2|0|315|52|227|34|2024|4|25|14|3|30|4|N
9|12|4641|C|1|0|U|569|15|9|60|E0912|10|171|26|5|41|0|102|27|0|0|0|0|6|29|8|0|2|12|429|202|111|102|2024|4|25|14|4|11|1|N
9|12|4883|B|1|0|U|523|15|12|60|E0912|95|25|24|0|27|1|195|83|1|4|9|0|0|3|5|0|4|8|389|63|119|195|2024|4|25|13|8|28|4|N
9|13|1687|C|1|0|U|627|6|15|61|E0913|17|71|63|0|9|0|93|51|0|0|0|0|0|5|0|0|4|6|302|134|65|93|2024|4|25|14|5|3|4|N
9|13|1932|C|1|0|U|638|6|11|61|E0913|45|35|75|46|185|0|39|33|0|0|0|0|2|24|0|0|5|12|456|156|244|39|2024|4|25|12|3|35|4|N
9|13|1948|C|1|0|U|545|6|15|61|E0913|4|64|5|92|11|0|97|59|0|0|0|0|0|15|0|0|5|8|356|161|85|97|2024|4|25|14|4|19|4|N
9|14|3798|C|1|0|U|570|12|14|62|E0914|9|50|4|0|17|13|101|37|18|0|0|0|0|191|0|0|4|9|444|72|258|101|2024|4|25|13|38|51|4|N
9|18|2502|C|1|0|U|506|7|21|66|E0918|70|3|44|0|33|0|144|29|0|0|0|0|0|36|0|0|2|8|299|47|98|144|2024|4|25|14|2|52|4|N
9|18|2639|B|1|0|U|439|7|28|66|E0918|155|27|38|8|5|0|187|16|0|5|0|0|0|3|0|0|4|2|295|78|24|187|2024|4|25|11|27|42|4|N
9|18|2648|B|1|0|U|731|7|28|66|E0918|128|31|45|39|29|0|261|74|0|0|0|0|5|24|0|0|2|8|518|115|132|261|2024|4|25|14|4|49|4|N
9|18|2757|B|1|0|U|657|7|28|66|E0918|146|2|29|0|125|0|59|86|0|0|0|0|5|12|0|0|2|0|320|31|228|59|2024|4|25|11|31|43|4|N
9|21|3136|B|1|0|U|673|9|7|69|E0921|111|253|29|4|84|3|84|104|0|15|0|0|0|7|0|0|4|8|595|301|198|84|2024|4|25|14|2|25|4|N
9|21|4148|B|1|0|U|668|13|25|69|E0921|21|10|33|1|164|60|137|25|0|0|0|0|0|34|0|0|2|5|471|44|283|137|2024|4|25|14|4|12|4|N
10|2|607|C|1|0|M|612|7|10|72|E1002|26|9|95|35|65|14|165|50|0|0|0|0|0|86|11|9|1|4|544|139|235|165|2024|4|25|10|13|38|4|N
10|3|707|C|1|0|U|399|12|13|73|E1003|64|84|0|12|10|12|56|44|0|0|0|0|0|4|0|8|0|7|237|96|78|56|2024|4|25|14|4|59|4|N
10|3|1375|C|1|0|U|667|39|14|73|E1003|171|9|3|41|28|84|142|7|0|0|1|0|0|0|0|0|2|9|326|54|119|142|2024|4|25|14|3|48|4|N
10|3|1463|C|2|0|U|707|12|13|73|E1003|53|2|17|96|55|1|4|72|0|0|0|0|0|48|0|21|3|0|319|115|197|4|2024|4|25|14|5|13|4|N
10|4|1411|C|1|0|U|516|5|2|74|E1004|146|14|63|29|28|2|124|33|0|0|0|0|1|32|0|3|3|8|340|106|99|124|2024|4|25|14|3|33|4|N
11|3|1278|C|1|0|U|732|20|3|77|E1103|21|45|17|0|0|58|113|91|0|113|70|3|0|0|0|0|3|0|513|248|149|113|2024|4|25|14|4|25|4|N
11|3|1355|B|1|0|U|561|20|7|77|E1103|48|18|15|1|4|8|21|62|0|1|1|143|0|0|0|0|2|2|278|179|74|21|2024|4|25|14|5|6|4|N
11|6|1431|B|1|0|U|348|20|7|80|E1106|2|28|7|1|4|0|53|78|6|22|0|2|0|0|0|0|4|6|211|66|82|53|2024|4|25|12|47|45|4|N
11|6|3131|C|2|0|U|625|20|4|80|E1106|84|60|48|4|23|60|55|60|77|3|0|0|0|0|0|0|5|7|402|192|143|55|2024|4|25|10|43|0|4|N
11|11|1585|C|3|0|U|718|20|21|85|E1111|76|4|88|8|0|50|119|123|0|23|22|29|0|0|27|0|3|11|507|174|200|119|2024|4|25|14|3|17|4|N
11|12|343|C|4|0|U|739|7|16|86|E1112|26|34|113|1|0|33|156|125|3|20|5|8|0|0|15|0|1|7|521|184|173|156|2024|4|25|13|38|4|4|N
11|12|471|B|1|0|U|719|7|15|86|E1112|103|9|122|0|12|20|128|84|35|5|10|2|0|0|5|0|0|2|434|183|121|128|2024|4|25|13|17|22|4|N
11|12|490|B|1|0|U|720|7|15|86|E1112|98|21|21|5|8|30|336|125|0|16|33|4|0|0|0|5|0|11|615|100|168|336|2024|4|25|14|4|54|4|N
11|14|259|B|1|0|U|674|4|22|88|E1114|65|13|55|22|0|50|157|102|9|0|12|0|0|0|9|0|5|5|439|111|161|157|2024|4|25|10|43|4|4|N
11|14|1222|B|1|0|U|595|19|22|88|E1114|123|72|63|0|0|9|226|30|0|1|1|20|0|0|0|0|1|1|424|157|39|226|2024|4|25|12|20|18|4|N
12|2|118|B|1|0|U|568|1|9|91|E1202|5|107|7|17|0|0|221|31|0|0|0|0|0|0|0|0|5|1|389|131|31|221|2024|4|25|14|2|26|4|N
12|2|212|C|1|0|U|664|1|6|91|E1202|40|66|59|18|0|0|205|107|0|0|0|0|17|0|0|7|2|2|483|143|131|205|2024|4|25|13|38|6|4|N
12|4|111|C|3|0|U|607|1|5|93|E1204|106|19|9|72|4|0|144|64|0|0|0|0|0|6|0|1|3|12|334|100|75|144|2024|4|25|13|56|7|4|N
12|4|141|B|1|0|U|528|1|5|93|E1204|100|12|0|121|39|0|69|22|0|0|0|0|3|0|0|16|3|12|297|133|80|69|2024|4|25|10|23|53|4|N
12|5|391|B|1|0|R|496|2|26|94|E1205|25|58|0|75|1|0|119|31|0|0|0|0|0|0|0|23|3|10|320|133|55|119|2024|4|25|11|17|14|4|N
13|2|554|B|1|0|U|683|30|5|99|E1302|58|63|2|15|0|0|118|69|0|3|19|0|16|0|0|0|0|7|312|102|85|118|2024|4|25|12|25|20|4|N
14|3|3289|C|4|0|M|646|124|3|107|E1403|38|111|63|36|3|0|261|62|0|27|1|0|0|0|0|1|4|11|580|238|66|261|2024|4|25|11|11|52|4|N
14|3|3289|C|6|0|M|645|124|3|107|E1403|38|168|0|17|0|8|221|56|0|0|0|0|0|7|0|19|4|7|507|185|90|221|2024|4|25|11|17|30|4|N
14|3|3357|B|1|0|R|531|125|3|107|E1403|140|95|29|23|13|0|46|21|0|0|0|0|0|23|10|51|2|2|315|147|118|46|2024|4|25|13|27|54|4|N
14|4|2949|C|5|0|U|649|120|4|108|E1404|99|61|43|56|0|0|98|38|0|0|0|0|0|32|16|22|3|1|370|160|108|98|2024|4|25|14|2|1|4|N
14|4|3009|C|3|0|U|686|120|4|108|E1404|25|87|12|37|64|0|70|27|0|40|1|0|0|6|24|104|2|10|484|177|225|70|2024|4|25|13|56|25|4|N
14|6|3793|B|1|0|U|606|120|6|110|E1406|100|150|2|7|20|52|142|9|0|2|2|0|2|24|58|39|4|11|524|163|204|142|2024|4|25|13|55|17|4|N
14|8|804|C|1|0|U|619|41|8|112|E1408|92|21|24|1|11|2|164|39|0|0|0|0|0|36|0|62|2|6|368|46|150|164|2024|4|25|10|6|57|4|N
14|9|634|B|1|0|U|494|41|9|113|E1409|116|117|14|32|12|0|143|23|0|0|0|0|7|3|0|103|5|0|459|163|148|143|2024|4|25|12|48|19|4|N
14|9|1222|B|1|0|U|476|41|9|113|E1409|55|23|5|22|19|0|79|98|0|8|0|0|0|1|10|34|5|9|313|58|162|79|2024|4|25|12|38|34|4|N
14|11|1395|C|2|0|U|505|41|11|115|E1411|57|40|7|12|0|0|169|91|0|0|0|0|0|24|13|28|1|11|396|59|156|169|2024|4|25|14|3|26|4|N
14|11|1451|B|1|0|U|683|41|11|115|E1411|139|208|7|9|45|0|32|25|0|0|0|0|0|29|0|26|1|10|392|224|125|32|2024|4|25|14|4|55|4|N
14|11|1502|B|1|0|U|601|41|11|115|E1411|162|33|1|45|53|0|108|62|0|0|0|0|0|1|0|10|2|7|322|79|126|108|2024|4|25|14|3|0|4|N
14|12|3388|C|1|0|U|506|98|12|116|E1412|87|185|1|23|0|0|37|50|0|0|0|0|0|25|2|12|2|7|344|209|89|37|2024|4|25|12|9|51|4|N
14|12|3643|B|1|0|U|724|120|12|116|E1412|25|101|11|3|7|0|117|110|0|0|0|0|0|5|3|174|1|2|534|115|299|117|2024|4|25|14|2|38|4|N
14|15|1643|C|1|0|U|637|49|15|119|E1415|139|3|9|11|9|0|9|7|0|13|9|0|0|3|0|12|1|8|94|45|31|9|2024|4|25|13|35|47|4|N
14|16|2566|C|1|0|U|674|99|16|120|E1416|76|33|69|38|94|0|238|35|0|0|0|0|0|31|2|4|2|11|557|140|166|238|2024|4|25|14|4|26|4|N
14|19|355|C|1|0|U|637|23|19|123|E1419|16|117|45|9|1|0|118|90|0|0|9|0|0|55|0|16|2|1|463|180|162|118|2024|4|25|14|4|40|2|N
15|7|761|C|1|0|U|732|25|43|131|E1507|57|17|16|0|125|5|214|83|100|0|1|0|0|0|5|0|1|4|571|134|218|214|2024|4|25|14|4|2|4|N
15|7|804|B|1|0|U|636|25|43|131|E1507|39|20|38|19|106|5|34|153|60|2|0|0|0|0|7|0|1|4|449|139|271|34|2024|4|25|14|2|17|4|N
15|12|2144|C|1|0|U|725|40|40|136|E1512|96|57|1|12|61|23|117|192|116|1|0|0|0|0|2|0|5|9|596|187|278|117|2024|4|25|14|3|39|4|N
15|12|6064|C|1|0|U|521|40|40|136|E1512|49|0|12|0|63|0|64|12|10|0|0|0|0|0|0|0|2|12|175|22|75|64|2024|4|25|14|3|7|4|N
15|13|1597|C|1|0|U|594|34|8|137|E1513|98|76|30|0|15|15|52|38|38|2|0|0|0|0|10|0|0|11|287|146|78|52|2024|4|25|11|54|40|4|N
15|14|3823|C|1|0|U|564|62|33|138|E1514|90|23|9|1|12|21|92|154|77|0|0|7|0|0|0|0|1|7|404|117|187|92|2024|4|25|14|5|9|4|N
15|14|6703|C|1|0|U|711|2|39|138|E1514|9|7|8|0|23|68|234|119|88|0|0|0|0|0|0|0|0|4|551|103|210|234|2024|4|25|14|1|39|4|N
15|14|6703|C|3|0|U|710|2|39|138|E1514|9|24|71|0|12|17|220|113|92|0|0|0|0|0|0|0|3|5|557|187|142|220|2024|4|25|14|4|7|4|N
15|16|1377|C|1|0|U|694|34|37|140|E1516|5|36|16|35|19|1|116|56|87|0|0|0|0|0|12|0|5|12|395|174|88|116|2024|4|25|14|3|16|4|N
15|18|2000|C|4|0|U|647|38|17|142|E1518|13|4|23|3|68|55|119|141|9|0|0|0|0|0|25|0|4|2|453|39|289|119|2024|4|25|14|1|40|4|N
15|18|3904|C|3|0|U|698|68|45|142|E1518|101|18|105|0|1|0|135|110|41|0|0|0|0|0|0|0|4|3|417|164|111|135|2024|4|25|14|4|1|4|N
15|19|4904|B|1|0|U|416|105|18|143|E1519|72|38|12|4|3|23|118|77|29|0|0|1|0|0|0|0|2|11|318|84|103|118|2024|4|25|14|4|17|4|N
15|19|4923|C|1|0|U|677|105|18|143|E1519|52|15|127|0|30|0|225|33|31|4|0|0|0|0|5|0|0|7|477|177|68|225|2024|4|25|14|2|14|4|N
15|19|4953|C|1|0|U|523|105|18|143|E1519|110|21|14|0|131|9|74|63|58|0|0|35|0|0|0|0|1|7|413|128|203|74|2024|4|25|14|4|4|4|N
15|19|5035|C|1|0|U|716|105|18|143|E1519|113|95|123|5|34|3|140|54|6|0|0|0|0|0|2|0|5|5|472|229|93|140|2024|4|25|14|4|31|4|N
15|19|5066|C|3|0|U|652|105|18|143|E1519|116|5|100|0|15|4|142|36|13|0|0|0|0|3|0|4|2|5|329|118|62|142|2024|4|25|14|3|51|4|N
15|19|5091|C|1|0|U|627|105|18|143|E1519|12|26|58|0|13|41|223|19|50|0|0|0|0|0|2|0|1|0|433|134|75|223|2024|4|25|14|4|50|4|N
15|22|382|B|1|0|U|684|13|16|146|E1522|6|1|114|0|91|3|140|81|0|1|0|0|0|0|1|0|0|8|440|116|176|140|2024|4|25|14|4|31|1|N
15|22|2767|C|2|0|U|506|58|32|146|E1522|109|2|39|0|1|21|166|113|24|0|0|7|0|0|39|0|1|6|419|72|174|166|2024|4|25|14|4|46|4|N
15|22|2773|C|3|0|U|720|58|32|146|E1522|114|4|74|0|3|4|91|135|116|0|0|3|0|0|0|0|4|4|438|197|142|91|2024|4|25|14|4|23|4|N
15|22|2810|B|1|0|U|595|58|32|146|E1522|87|3|56|0|33|80|12|15|47|12|0|0|0|0|0|0|3|8|269|118|128|12|2024|4|25|14|3|41|4|N
15|22|2837|B|1|0|U|669|58|32|146|E1522|149|35|103|0|7|2|87|44|4|0|0|0|0|0|6|0|4|1|293|142|59|87|2024|4|25|14|2|34|4|N
15|23|3833|C|1|0|U|733|63|4|147|E1523|51|1|16|5|24|0|74|273|6|0|0|1|0|0|9|0|0|5|414|29|306|74|2024|4|25|14|3|6|4|N
15|24|3010|B|1|0|U|547|58|32|148|E1524|14|0|135|1|22|19|25|88|44|0|0|0|0|0|6|0|4|0|344|180|135|25|2024|4|25|12|22|28|4|N
15|25|1275|C|4|0|U|712|32|3|149|E1525|110|23|174|13|23|7|189|85|44|0|0|0|0|0|1|0|2|2|563|254|116|189|2024|4|25|14|4|13|4|N
15|27|2490|C|8|0|U|700|55|35|151|E1527|43|112|43|0|22|9|184|45|34|0|0|3|0|0|0|0|3|1|456|192|76|184|2024|4|25|14|4|12|4|N
15|27|2492|B|1|0|U|701|55|35|151|E1527|45|0|43|1|38|1|232|156|20|0|0|26|0|0|0|0|2|6|525|90|195|232|2024|4|25|14|2|53|4|N
15|29|3237|C|2|0|U|585|60|24|153|E1529|74|8|81|67|12|15|38|144|25|0|0|0|0|0|45|0|2|12|449|181|216|38|2024|4|25|14|5|8|4|N
15|29|3357|C|2|0|U|506|60|25|153|E1529|131|24|67|0|44|16|30|99|10|0|0|10|13|0|1|0|2|3|319|111|173|30|2024|4|25|14|3|58|4|N
15|29|3389|B|1|0|U|620|60|25|153|E1529|47|11|11|0|9|23|23|94|91|0|0|2|0|0|3|0|3|10|280|115|129|23|2024|4|25|14|2|6|4|N
15|29|3500|B|1|0|U|580|60|25|153|E1529|24|21|17|57|55|16|70|44|170|0|12|0|0|0|21|0|2|0|485|277|136|70|2024|4|25|14|5|3|4|N
15|31|1263|C|2|0|U|586|60|41|155|E1531|94|17|55|0|69|60|184|17|31|0|0|0|0|0|7|0|1|1|442|103|153|184|2024|4|25|13|59|2|4|N
16|4|1680|C|2|0|U|529|75|4|168|E1604|32|40|4|0|0|0|119|102|0|0|4|3|0|0|0|0|0|7|279|51|102|119|2024|4|25|13|56|53|4|N
16|4|1730|B|1|0|U|665|77|4|168|E1604|48|19|4|148|14|0|42|177|0|3|5|0|0|4|0|0|0|9|425|179|195|42|2024|4|25|13|14|44|4|N
16|6|1961|B|1|0|U|610|89|8|170|E1606|54|182|67|9|8|1|55|87|0|1|34|0|0|0|0|0|0|0|444|293|96|55|2024|4|25|14|4|52|4|N
16|7|1608|C|1|0|U|543|72|2|171|E1607|104|31|4|0|0|36|130|91|0|8|3|0|0|1|0|0|1|4|309|46|128|130|2024|4|25|13|26|11|4|N
16|8|1203|C|2|0|U|660|54|10|172|E1608|44|87|112|7|40|0|89|62|0|80|3|0|0|0|0|0|1|3|484|289|102|89|2024|4|25|13|54|24|4|N
16|9|2235|C|1|0|U|573|103|20|173|E1609|71|100|12|35|13|0|62|124|0|26|15|5|0|0|0|0|4|10|406|193|137|62|2024|4|25|14|2|35|4|N
16|9|2256|C|1|0|U|559|103|20|173|E1609|61|45|8|5|22|41|88|59|0|4|1|0|0|27|0|0|2|8|310|63|149|88|2024|4|25|13|58|52|4|N
16|9|2277|C|3|0|U|647|103|20|173|E1609|70|42|17|44|0|0|151|63|0|0|4|0|0|0|0|0|1|3|325|107|63|151|2024|4|25|14|5|2|4|N
16|10|1285|C|1|0|U|673|54|11|174|E1610|16|86|40|2|27|27|80|189|0|0|4|0|0|0|0|0|4|9|468|132|243|80|2024|4|25|14|5|4|4|N
16|11|802|C|1|0|M|710|49|15|175|E1611|38|23|20|37|41|0|51|235|0|36|24|27|0|0|0|0|3|4|501|167|276|51|2024|4|25|14|4|37|1|N
17|3|47|C|1|0|U|552|4|10|178|E1703|43|100|55|1|13|1|75|68|0|0|0|0|0|0|0|0|4|1|318|156|82|75|2024|4|25|14|4|33|4|N
17|3|48|C|2|0|U|606|4|10|178|E1703|47|29|19|18|39|1|162|46|0|0|12|0|0|0|0|0|4|1|331|78|86|162|2024|4|25|13|51|14|4|N
17|5|895|C|1|0|U|518|32|4|180|E1705|107|9|6|4|94|21|102|19|0|0|40|0|0|0|0|0|5|1|301|59|134|102|2024|4|25|11|46|22|4|N
18|1|528|C|1|0|U|519|15|5|181|E1801|121|43|22|7|1|2|45|63|0|0|2|0|0|0|0|161|5|10|361|74|227|45|2024|4|25|14|3|24|4|N
18|1|988|B|1|0|R|380|9|3|181|E1801|25|18|0|6|9|0|40|20|6|0|24|0|0|0|0|64|1|2|190|54|93|40|2024|4|25|12|17|53|4|N
18|1|989|C|2|0|R|566|9|3|181|E1801|25|62|15|1|0|3|160|68|0|0|0|0|0|0|0|12|1|10|332|78|83|160|2024|4|25|12|23|49|4|N
19|3|474|C|3|0|U|716|21|17|186|E1903|83|28|3|38|136|0|38|70|0|0|20|0|0|0|0|0|5|1|339|89|206|38|2024|4|25|14|3|4|4|N
19|4|1769|B|1|0|U|613|47|10|187|E1904|50|38|7|72|0|0|37|242|0|0|4|0|0|0|0|1|3|8|412|121|243|37|2024|4|25|14|4|35|4|N
19|4|1794|C|2|0|U|652|47|10|187|E1904|12|9|3|1|0|9|5|6|0|21|6|0|0|0|0|4|1|8|73|40|19|5|2024|4|25|14|5|22|4|N
19|4|1848|C|2|0|U|504|47|10|187|E1904|41|20|0|25|1|5|114|51|0|0|5|1|0|0|0|0|0|1|223|51|57|114|2024|4|25|14|2|20|4|N
19|4|1851|B|1|0|U|650|47|10|187|E1904|65|76|7|112|0|66|51|71|0|0|4|31|0|0|0|0|5|5|428|230|137|51|2024|4|25|14|5|29|4|N
19|4|1901|C|2|0|U|661|47|10|187|E1904|26|31|1|46|0|2|67|99|0|0|32|0|1|0|0|0|0|5|284|110|102|67|2024|4|25|14|3|51|4|N
19|4|1972|B|1|0|U|713|47|9|187|E1904|117|0|22|66|5|21|83|69|0|0|11|0|0|0|0|0|3|6|286|99|95|83|2024|4|25|14|2|27|4|N
19|4|2949|C|2|0|U|681|47|9|187|E1904|121|76|8|3|7|15|64|114|0|0|31|6|42|0|0|0|4|8|378|124|178|64|2024|4|25|14|3|39|4|N
19|5|1493|C|1|0|U|573|40|2|188|E1905|50|24|22|31|0|7|124|58|0|0|2|9|0|0|0|0|4|8|289|88|65|124|2024|4|25|14|4|50|4|N
19|6|1561|C|3|0|U|616|40|2|189|E1906|56|19|26|22|14|1|79|48|0|0|0|0|0|0|0|0|1|6|216|67|63|79|2024|4|25|14|5|15|4|N
19|6|2801|C|3|0|U|697|40|3|189|E1906|132|7|7|10|24|21|136|120|0|0|5|0|0|0|15|19|2|3|369|29|199|136|2024|4|25|12|7|0|4|N
19|7|347|C|10|0|U|725|18|12|190|E1907|91|0|39|113|3|2|193|63|0|0|6|71|0|0|0|0|4|4|498|229|68|193|2024|4|25|12|46|2|4|N
19|7|2287|S|1|0|U|0|18|12|190|E1907|52|87|146|14|12|0|18|66|7|0|0|0|0|0|75|0|1|10|436|254|153|18|2024|4|25|12|13|2|4|N
19|7|2306|B|1|0|U|540|18|12|190|E1907|69|31|14|7|0|4|98|162|0|0|0|2|0|0|0|0|3|12|333|54|166|98|2024|4|25|12|57|33|4|N
19|7|2555|B|1|0|U|577|18|20|190|E1907|34|73|15|64|1|3|46|19|0|0|0|0|0|0|0|0|1|6|228|152|23|46|2024|4|25|11|48|48|4|N
19|7|2598|C|5|0|M|711|18|20|190|E1907|2|3|1|12|0|3|93|124|0|0|2|0|0|0|0|0|4|5|247|18|127|93|2024|4|25|13|8|1|4|N
19|7|2609|B|1|0|R|502|18|20|190|E1907|9|29|8|11|0|0|40|69|0|0|8|0|0|0|0|0|0|7|172|56|69|40|2024|4|25|13|10|26|4|N
19|7|2614|C|2|0|M|591|18|20|190|E1907|7|10|28|10|1|5|149|80|0|0|2|0|1|0|0|0|5|4|295|50|87|149|2024|4|25|13|29|5|4|N
19|7|2832|C|2|0|U|692|18|20|190|E1907|53|11|4|62|39|0|13|105|0|0|4|11|0|0|0|0|1|11|261|92|144|13|2024|4|25|13|37|4|4|N
19|7|3008|C|1|0|M|610|18|12|190|E1907|100|13|2|72|0|34|70|55|0|0|0|0|0|0|0|0|0|10|256|87|89|70|2024|4|25|13|3|38|4|N
19|8|614|B|1|0|U|697|26|14|191|E1908|70|3|33|89|2|1|49|176|0|0|1|0|0|0|0|0|2|10|366|126|179|49|2024|4|25|14|5|15|4|N
19|8|2961|C|2|0|U|670|26|14|191|E1908|73|42|35|18|65|10|44|22|0|0|0|17|0|0|4|0|4|8|269|112|101|44|2024|4|25|13|31|35|4|N
19|8|2963|B|1|0|U|627|26|14|191|E1908|121|16|6|1|0|0|216|93|0|0|2|84|0|0|0|0|5|2|425|109|93|216|2024|4|25|10|2|54|4|N
19|9|29|C|1|0|M|613|4|26|192|E1909|9|0|17|7|0|0|120|88|0|0|0|0|0|0|0|0|3|9|244|24|88|120|2024|4|25|13|7|16|4|N
19|9|34|C|1|0|R|425|4|26|192|E1909|13|18|36|5|4|0|60|4|0|0|0|27|1|0|14|0|0|12|181|86|23|60|2024|4|25|14|1|55|4|N
19|9|869|C|2|0|U|587|34|24|192|E1909|86|17|61|112|0|0|57|51|0|0|16|0|0|0|0|0|2|4|320|206|51|57|2024|4|25|13|15|4|4|N
19|9|870|C|2|0|U|648|34|24|192|E1909|87|88|0|14|0|0|98|36|0|0|0|2|18|0|0|0|0|5|261|104|54|98|2024|4|25|13|44|15|4|N
19|9|870|C|3|0|U|647|34|24|192|E1909|87|3|18|63|21|0|63|126|0|0|14|0|103|0|0|0|3|9|423|98|250|63|2024|4|25|13|52|48|4|N
19|9|969|B|1|0|R|598|39|26|192|E1909|100|22|46|24|2|11|71|114|0|0|31|0|0|0|0|0|1|12|334|123|127|71|2024|4|25|13|41|23|4|N
19|10|1401|C|1|0|U|639|40|8|193|E1910|83|50|39|31|0|0|149|70|0|0|94|0|0|0|0|0|4|2|439|214|70|149|2024|4|25|13|41|51|4|N
19|11|603|C|2|0|U|563|26|15|194|E1911|124|46|7|49|2|0|81|70|0|0|0|0|0|0|0|0|2|8|265|102|72|81|2024|4|25|13|59|39|4|N
19|11|689|B|1|0|U|539|26|14|194|E1911|48|48|11|62|0|0|47|42|0|0|12|1|0|0|0|0|1|4|228|134|42|47|2024|4|25|11|6|4|4|N
19|13|1702|B|1|0|R|476|41|21|196|E1913|17|64|0|17|14|0|125|45|0|0|17|0|0|0|0|0|4|5|291|98|59|125|2024|4|25|13|59|29|4|N
19|13|2851|C|2|0|U|738|12|21|196|E1913|87|6|9|127|3|4|187|107|0|0|1|0|0|0|0|0|1|0|445|143|114|187|2024|4|25|13|18|5|4|N
19|14|178|B|1|0|U|629|9|26|197|E1914|64|45|7|25|0|36|54|42|0|0|0|0|0|0|0|1|4|11|225|77|79|54|2024|4|25|13|1|25|4|N
19|14|178|C|1|0|U|629|9|26|197|E1914|64|18|40|89|0|1|132|51|0|0|0|0|0|0|0|0|4|10|345|147|52|132|2024|4|25|13|6|19|4|N
20|5|680|C|1|0|U|747|76|19|202|E2005|9|56|31|48|3|66|179|5|6|13|63|0|0|0|35|3|0|0|508|217|112|179|2024|4|25|11|51|59|4|N
20|5|689|C|1|0|U|676|76|19|202|E2005|18|27|31|14|56|173|64|57|17|1|15|0|0|0|12|12|5|2|486|105|310|64|2024|4|25|12|57|3|4|N
20|5|702|C|1|0|U|463|76|19|202|E2005|20|30|27|57|1|60|35|71|43|6|0|4|0|0|0|5|1|9|349|167|137|35|2024|4|25|14|5|20|4|N
20|5|1847|C|1|0|M|661|414|25|202|E2005|117|57|31|47|2|65|143|196|22|0|0|0|0|0|1|0|5|7|576|157|264|143|2024|4|25|10|44|8|4|N
20|6|2037|B|1|0|R|531|470|7|203|E2006|95|16|42|4|0|64|74|35|14|2|0|0|0|0|11|11|3|2|278|78|121|74|2024|4|25|12|59|10|4|N
20|6|2038|B|1|0|R|612|470|7|203|E2006|95|67|5|26|1|36|182|106|0|27|2|1|0|0|4|3|5|10|475|128|150|182|2024|4|25|12|51|41|4|N
20|9|1583|E|1|0|R|328|332|23|206|E2009|76|8|44|9|21|47|118|21|2|0|0|0|2|0|0|1|2|0|275|63|92|118|2024|4|25|13|46|58|4|N
20|10|1817|C|1|0|U|678|406|25|207|E2010|97|11|32|34|5|12|186|80|1|2|24|52|14|0|0|35|3|4|495|156|146|186|2024|4|25|11|28|33|4|N
20|10|2176|C|1|0|M|684|508|24|207|E2010|73|23|129|42|28|90|108|62|23|40|0|0|0|0|33|0|0|3|581|257|213|108|2024|4|25|11|42|50|4|N
21|5|1721|C|2|0|U|688|133|7|212|E2105|41|0|71|24|200|32|51|38|0|0|0|6|0|0|0|0|4|1|427|101|270|51|2024|4|25|14|5|3|4|N
21|5|1758|C|2|0|U|741|133|7|212|E2105|69|62|39|53|45|26|150|56|0|0|0|33|0|0|0|0|1|3|468|187|127|150|2024|4|25|11|24|38|4|N
21|5|2249|C|2|0|U|636|181|8|212|E2105|124|46|170|26|0|1|125|26|41|0|0|0|0|0|0|0|4|4|443|283|27|125|2024|4|25|14|5|28|4|N
21|7|119|B|1|0|U|613|15|12|214|E2107|26|4|82|50|0|60|108|27|1|0|0|21|0|32|0|0|1|11|397|158|119|108|2024|4|25|14|5|26|4|N
21|10|1691|B|1|0|U|641|126|21|217|E2110|124|22|24|23|0|98|51|196|0|0|0|51|0|1|0|0|5|12|483|120|295|51|2024|4|25|12|38|4|4|N
21|10|1695|C|2|0|U|729|127|21|217|E2110|127|89|180|67|0|22|35|66|1|0|0|1|0|0|0|0|5|6|472|338|88|35|2024|4|25|12|11|25|4|N
21|10|1801|S|1|0|U|0|141|18|217|E2110|62|1|121|41|0|22|75|81|0|0|0|0|0|32|0|0|0|5|378|163|135|75|2024|4|25|12|32|42|4|N
21|12|1494|B|1|0|U|613|115|16|219|E2112|52|60|60|8|2|0|89|170|1|0|0|73|0|0|0|0|2|3|468|202|172|89|2024|4|25|14|4|42|4|N
21|12|1531|B|1|0|U|701|115|16|219|E2112|62|70|115|30|34|1|38|79|1|30|0|1|0|0|0|0|4|6|409|247|114|38|2024|4|25|14|4|26|4|N
22|1|43|B|1|0|R|702|2|15|224|E2201|5|116|43|0|93|0|111|16|0|0|0|0|23|102|0|0|4|12|520|159|234|111|2024|4|25|14|5|1|1|N
22|2|569|B|1|0|U|491|16|11|225|E2202|46|11|87|45|27|12|24|30|0|0|0|0|1|13|0|0|3|12|265|143|83|24|2024|4|25|11|41|41|4|N
22|2|587|B|1|0|U|568|16|10|225|E2202|56|5|56|2|27|36|266|24|0|0|0|0|24|20|0|0|1|11|472|63|131|266|2024|4|25|14|4|44|4|N
22|3|279|B|1|0|U|492|14|1|226|E2203|8|18|21|30|4|0|144|75|0|0|0|0|1|4|0|0|4|8|309|69|84|144|2024|4|25|14|4|15|1|N
22|4|105|C|10|0|U|724|5|8|227|E2204|114|42|56|35|5|9|27|104|0|0|0|0|2|5|0|2|5|4|296|133|127|27|2024|4|25|11|37|4|4|N
22|4|387|B|1|0|U|623|14|5|227|E2204|2|15|11|3|2|0|8|10|0|0|0|0|16|8|7|0|5|3|88|29|43|8|2024|4|25|13|19|58|4|N
22|4|506|C|1|0|U|703|14|5|227|E2204|41|12|66|1|24|1|162|39|0|0|0|0|27|30|0|0|0|6|368|79|121|162|2024|4|25|12|39|25|4|N
22|4|979|C|2|0|U|675|5|8|227|E2204|134|10|59|24|12|0|208|46|0|0|0|0|0|210|0|1|1|6|577|93|269|208|2024|4|25|14|4|52|4|N
22|6|857|C|2|0|U|633|14|3|229|E2206|58|6|93|19|2|0|177|32|0|0|0|0|0|65|0|0|3|2|399|118|99|177|2024|4|25|10|35|24|4|N
23|2|244|E|1|0|R|362|3|13|231|E2302|135|0|1|4|0|2|12|7|0|0|0|0|0|0|1|0|1|1|29|5|10|12|2024|4|25|12|55|59|4|N
23|4|629|C|5|0|U|649|1|2|233|E2304|32|19|118|13|20|19|168|44|0|2|0|0|0|0|6|0|1|1|411|152|89|168|2024|4|25|8|43|44|4|N
24|1|508|C|1|0|U|691|20|1|234|E2401|46|74|14|0|17|0|191|90|4|0|0|0|0|0|0|2|0|2|394|92|109|191|2024|4|25|13|58|32|4|N
24|4|277|B|1|0|U|729|13|13|237|E2404|33|145|58|0|36|1|128|180|18|20|0|0|0|0|0|0|0|5|591|241|217|128|2024|4|25|14|3|23|4|N
24|6|947|C|4|0|U|704|28|6|239|E2406|96|48|40|1|126|6|18|162|73|0|0|0|0|0|0|1|0|10|485|162|295|18|2024|4|25|14|3|17|4|N
24|6|962|B|1|0|U|576|28|6|239|E2406|101|43|108|1|33|0|9|67|26|0|0|0|0|0|0|2|1|3|293|178|102|9|2024|4|25|13|47|14|4|N
25|1|1869|B|1|0|U|464|9|24|241|E2501|18|38|8|8|10|15|160|77|0|0|0|5|0|0|20|10|5|10|366|59|132|160|2024|4|25|14|5|40|4|N
25|1|2904|B|1|0|U|414|12|22|241|E2501|125|18|93|40|40|8|99|5|0|0|0|0|0|0|0|4|4|4|315|151|57|99|2024|4|25|14|2|45|4|N
25|2|53|B|1|0|U|286|1|5|242|E2502|124|15|13|2|8|2|94|66|0|0|0|0|0|0|0|4|4|10|218|30|80|94|2024|4|25|14|5|52|4|N
25|2|91|B|1|0|U|620|1|4|242|E2502|77|4|22|1|21|23|209|61|0|0|0|0|0|0|0|105|5|4|455|27|210|209|2024|4|25|14|4|42|4|N
25|4|2005|B|1|0|U|438|10|1|244|E2504|66|46|70|3|8|1|61|48|0|0|0|1|0|0|2|55|2|10|307|120|114|61|2024|4|25|14|6|22|4|N
25|4|2380|B|1|0|U|509|11|7|244|E2504|118|111|1|0|3|8|109|43|0|0|0|0|0|4|1|9|4|12|305|112|68|109|2024|4|25|14|4|31|4|N
25|4|2408|B|1|0|U|557|11|8|244|E2504|102|15|2|31|47|0|22|1|12|0|0|26|0|0|0|3|4|6|169|86|51|22|2024|4|25|14|3|31|4|N
25|5|1104|B|1|0|U|288|6|14|245|E2505|92|1|17|0|0|28|76|36|1|0|0|0|0|0|0|6|2|9|176|19|70|76|2024|4|25|11|3|3|4|N
25|6|1679|C|1|0|U|472|19|18|246|E2506|165|31|0|55|17|3|93|21|0|0|0|0|0|0|32|0|1|1|254|86|73|93|2024|4|25|14|6|24|4|N
25|6|2676|C|2|0|U|633|12|21|246|E2506|42|17|62|24|1|13|145|41|0|0|0|19|0|0|1|2|2|3|330|122|58|145|2024|4|25|13|55|43|4|N
25|6|3824|B|1|0|U|727|12|20|246|E2506|71|21|37|64|20|4|239|139|0|0|0|38|0|0|8|7|1|4|582|160|178|239|2024|4|25|14|6|29|4|N
25|7|1245|C|1|0|M|450|6|11|247|E2507|153|22|2|30|10|45|121|10|0|0|0|2|0|0|0|46|0|3|291|56|111|121|2024|4|25|14|4|50|4|N
25|7|1254|C|1|0|U|542|6|11|247|E2507|151|2|23|75|10|22|49|50|0|0|0|25|0|0|8|17|0|3|284|125|107|49|2024|4|25|11|13|47|4|N
25|7|1325|B|1|0|U|378|6|17|247|E2507|59|24|1|3|6|4|94|78|0|0|0|0|0|0|0|3|0|7|220|28|91|94|2024|4|25|14|5|56|4|N
26|1|669|B|1|0|U|570|55|1|248|E2601|123|29|7|20|0|54|214|45|0|0|0|0|0|14|0|0|2|11|396|56|113|214|2024|4|25|14|5|28|4|N
26|1|706|C|1|0|U|594|55|1|248|E2601|94|65|8|4|3|42|323|59|0|0|0|0|0|0|22|4|2|6|538|77|130|323|2024|4|25|14|4|29|4|N
26|1|1367|C|1|0|U|420|52|3|248|E2601|17|6|7|1|1|6|62|18|0|0|0|16|0|2|0|0|2|7|128|30|27|62|2024|4|25|14|2|58|4|N
26|2|75|C|8|0|U|708|15|18|249|E2602|42|53|30|42|5|91|129|26|0|38|0|1|0|0|0|0|1|11|427|164|122|129|2024|4|25|11|59|39|4|N
26|2|180|C|1|0|U|595|30|5|249|E2602|110|26|52|12|2|0|87|27|0|18|0|43|15|3|0|0|2|1|288|151|47|87|2024|4|25|12|17|22|4|N
26|2|1573|C|3|0|U|716|30|4|249|E2602|129|75|258|13|0|17|110|46|0|16|0|39|0|0|0|39|1|0|614|401|102|110|2024|4|25|13|59|30|4|N
26|3|357|B|1|0|U|558|49|12|250|E2603|41|78|40|10|27|4|240|86|0|4|0|0|0|4|2|0|3|7|505|132|123|240|2024|4|25|14|5|30|4|N
26|6|924|B|1|0|U|648|59|15|253|E2606|51|40|92|79|28|15|161|16|0|0|0|0|0|0|9|0|4|11|455|211|68|161|2024|4|25|14|4|48|4|N
26|6|1562|B|1|0|U|606|59|16|253|E2606|95|123|134|4|72|48|57|11|0|5|0|0|0|0|0|0|5|2|461|266|131|57|2024|4|25|14|6|21|4|N
27|3|542|C|2|0|R|507|5|19|257|E2703|2|4|13|18|8|28|206|104|0|21|0|3|0|3|0|2|4|9|423|59|145|206|2024|4|25|14|4|27|1|N
27|5|840|C|2|0|U|696|10|17|259|E2705|65|69|34|4|14|68|218|34|0|1|0|0|12|0|0|0|1|6|461|108|128|218|2024|4|25|11|18|56|4|N
27|5|1136|C|1|0|U|677|13|18|259|E2705|92|67|10|2|2|2|218|94|8|0|0|0|22|0|0|62|2|4|493|87|182|218|2024|4|25|12|20|49|4|N
27|5|1137|C|1|0|U|506|13|18|259|E2705|94|24|9|0|50|1|106|18|0|0|0|0|0|2|0|58|0|8|276|33|129|106|2024|4|25|12|27|18|4|N
27|5|1138|B|1|0|U|608|13|18|259|E2705|93|15|54|0|36|8|75|130|2|0|0|0|0|0|0|31|0|4|355|71|205|75|2024|4|25|12|19|38|4|N
27|5|1140|B|1|0|U|739|13|18|259|E2705|92|25|5|0|83|37|166|203|0|0|0|7|2|0|0|85|4|4|621|37|410|166|2024|4|25|12|25|40|4|N
27|6|497|C|1|0|U|593|4|5|260|E2706|49|52|12|7|0|74|191|30|0|0|0|0|9|43|8|32|0|9|467|71|196|191|2024|4|25|14|4|43|4|N
28|5|1501|C|1|0|U|663|39|16|265|E2805|54|118|5|10|0|5|121|61|0|0|0|0|106|3|0|0|0|7|436|133|175|121|2024|4|25|14|4|48|4|N
28|5|1659|B|1|0|U|661|41|15|265|E2805|113|88|73|0|0|0|53|115|0|0|18|0|40|0|0|0|2|4|393|179|155|53|2024|4|25|14|3|42|4|N
28|6|272|B|1|0|R|290|11|16|266|E2806|97|15|25|0|0|3|53|18|0|0|0|0|7|1|0|0|2|10|134|40|29|53|2024|4|25|14|5|2|1|N
28|8|1319|B|1|0|U|668|38|21|268|E2808|86|37|39|0|0|1|89|131|0|0|3|0|34|0|0|0|5|2|341|79|166|89|2024|4|25|14|3|16|4|N
28|8|1404|C|1|0|U|425|38|22|268|E2808|139|79|23|0|0|27|120|18|0|0|0|0|3|0|0|0|1|11|282|102|48|120|2024|4|25|14|4|50|4|N
28|8|1424|C|1|0|U|613|38|22|268|E2808|151|103|94|35|11|0|104|106|0|0|10|0|38|8|0|0|1|1|511|242|163|104|2024|4|25|14|3|25|4|N
29|3|279|C|1|0|U|626|18|8|271|E2903|1|45|17|0|21|13|145|126|0|41|0|0|1|0|0|19|4|3|435|103|180|145|2024|4|25|14|4|0|1|N
29|3|360|C|3|0|U|633|25|15|271|E2903|117|32|28|0|22|23|185|137|0|25|0|20|17|1|0|6|2|6|504|105|206|185|2024|4|25|14|5|12|4|N
29|3|566|C|1|0|U|510|41|14|271|E2903|94|0|31|0|29|41|40|66|0|20|0|0|0|41|7|1|5|3|284|51|185|40|2024|4|25|14|4|51|4|N
30|2|1353|B|1|0|R|497|60|2|273|E3002|124|35|2|1|0|1|59|101|0|0|0|0|0|18|0|0|3|6|226|38|120|59|2024|4|25|13|9|56|4|N
30|3|1229|B|1|0|U|387|50|26|274|E3003|9|30|2|0|37|27|69|61|0|0|0|0|0|3|0|0|1|10|240|32|128|69|2024|4|25|13|26|21|4|N
30|4|4407|B|1|0|U|337|192|15|275|E3004|68|4|41|14|46|1|21|30|0|0|0|0|0|4|0|0|2|7|170|59|81|21|2024|4|25|14|5|23|4|N
30|4|4490|C|3|0|U|692|192|15|275|E3004|1|20|2|32|0|6|127|120|15|0|0|0|0|3|1|0|5|2|333|69|130|127|2024|4|25|14|3|41|4|N
30|5|3118|C|2|0|U|641|132|5|276|E3005|8|154|2|13|17|0|115|92|0|0|0|0|0|20|1|0|1|3|418|169|130|115|2024|4|25|13|59|52|4|N
30|5|3144|C|5|0|U|632|132|5|276|E3005|22|6|47|1|105|83|55|16|2|2|0|0|0|165|0|0|4|3|489|58|369|55|2024|4|25|14|5|1|4|N
30|6|2975|C|1|0|R|389|125|6|277|E3006|84|0|14|7|13|0|69|19|0|0|3|0|0|0|38|0|0|2|165|24|70|69|2024|4|25|14|4|22|4|N
30|6|4963|C|2|0|U|627|42|5|277|E3006|69|34|20|13|2|16|46|40|0|0|0|16|0|8|122|0|5|1|323|83|188|46|2024|4|25|14|4|0|4|N
30|7|2610|B|1|0|M|509|115|8|278|E3007|154|8|0|49|2|111|94|29|6|0|0|0|0|0|0|0|0|4|303|63|142|94|2024|4|25|13|7|40|4|N
30|9|728|B|1|0|U|562|40|12|280|E3009|36|55|32|8|21|14|55|113|0|0|25|0|0|40|0|0|0|5|368|120|188|55|2024|4|25|11|30|19|4|N
30|10|1865|C|1|0|U|509|89|11|281|E3010|24|12|18|69|15|9|30|7|0|0|0|0|0|27|53|0|4|9|253|99|111|30|2024|4|25|14|5|11|4|N
30|10|1866|C|1|0|U|740|89|11|281|E3010|15|38|8|4|57|37|333|111|0|0|6|0|0|0|1|0|0|11|606|56|206|333|2024|4|25|14|3|41|1|N
30|10|4939|C|1|0|U|679|89|11|281|E3010|11|44|126|0|30|9|64|9|0|0|0|0|0|0|0|0|3|7|292|170|48|64|2024|4|25|14|2|58|1|N
30|12|4228|C|2|0|U|684|192|14|283|E3012|10|16|0|0|1|15|86|80|30|0|0|0|0|119|9|0|2|5|363|46|224|86|2024|4|25|13|8|59|4|N
30|19|636|B|1|0|U|596|34|25|290|E3019|88|9|2|58|9|27|110|43|0|0|0|70|0|9|0|0|0|5|342|139|88|110|2024|4|25|13|55|18|4|N
31|2|110|C|1|0|M|534|26|14|292|E3102|35|25|61|58|1|31|51|48|0|1|0|5|0|0|0|20|0|4|305|150|100|51|2024|4|25|13|59|45|4|N
31|3|311|C|3|0|U|658|50|1|293|E3103|6|16|83|87|18|4|81|77|0|18|0|0|0|0|3|38|2|4|431|204|140|81|2024|4|25|13|19|6|4|N
31|3|377|B|1|0|U|592|50|1|293|E3103|23|5|7|77|77|16|42|42|0|0|0|0|0|0|5|3|4|11|289|89|143|42|2024|4|25|14|4|42|4|N
31|3|627|C|3|0|U|712|50|6|293|E3103|102|127|14|79|117|44|136|38|0|0|0|0|0|0|1|4|4|8|572|220|204|136|2024|4|25|13|17|5|4|N
31|5|232|C|1|0|M|603|45|12|295|E3105|21|12|33|114|14|54|30|10|0|2|0|44|0|0|11|20|1|1|346|205|109|30|2024|4|25|13|33|20|4|N
31|5|239|C|1|0|M|604|48|13|295|E3105|22|103|6|5|6|77|86|22|0|0|0|0|0|0|5|1|1|3|315|114|111|86|2024|4|25|13|35|28|4|N
32|1|187|B|1|0|U|418|10|6|297|E3201|17|24|3|4|8|14|140|25|37|0|0|0|0|5|0|0|1|5|266|68|52|140|2024|4|25|13|31|11|4|N
32|1|1269|C|1|0|R|484|40|7|297|E3201|116|14|50|1|13|68|143|25|0|0|0|33|0|0|5|22|4|10|388|98|133|143|2024|4|25|13|8|35|4|N
32|1|1273|B|1|0|U|419|40|7|297|E3201|117|45|29|15|0|16|47|71|2|0|0|0|0|0|0|0|1|1|227|91|87|47|2024|4|25|13|12|59|4|N
32|3|1798|B|1|0|U|555|56|2|299|E3203|119|116|25|1|17|89|90|17|0|4|0|0|0|1|31|3|0|4|398|146|158|90|2024|4|25|14|4|32|4|N
